 
  kpoint:       1             coordinate:     0.0000    0.0000    0.0000                  spin:  1
 
    n           k   ϵ_nk^DFT (eV)     Σ^c_nk (eV)     Σ^x_nk (eV)    v_nk^xc (eV)   ϵ_nk^G0W0 (eV)
 
    1 (occ)     1         -23.085           8.006         -25.614         -15.409          -25.284
    2 (occ)     1         -22.880           7.787         -25.535         -15.412          -25.216
    3 (occ)     1         -22.522           7.585         -25.426         -15.439          -24.924
    4 (occ)     1         -22.228           7.467         -25.387         -15.461          -24.687
    5 (occ)     1         -22.042           7.418         -25.302         -15.489          -24.436
    6 (occ)     1         -21.985           7.241         -25.325         -15.480          -24.588
    7 (occ)     1         -21.606           7.005         -25.229         -15.516          -24.314
    8 (occ)     1         -21.276           6.959         -25.059         -15.524          -23.851
    9 (occ)     1         -21.190           6.932         -25.150         -15.586          -23.822
   10 (occ)     1         -20.823           6.686         -24.977         -15.531          -23.583
   11 (occ)     1         -20.620           6.438         -24.930         -15.555          -23.557
   12 (occ)     1         -20.539           6.410         -24.870         -15.598          -23.401
   13 (occ)     1         -20.331           6.282         -24.859         -15.595          -23.312
   14 (occ)     1         -20.233           6.536         -24.810         -15.605          -22.902
   15 (occ)     1         -19.896           6.928         -24.750         -15.647          -22.071
   16 (occ)     1         -19.558           6.603         -24.628         -15.695          -21.888
   17 (occ)     1         -19.478           7.127         -24.614         -15.675          -21.290
   18 (occ)     1         -19.073           6.933         -24.486         -15.650          -20.975
   19 (occ)     1         -18.880           7.006         -24.508         -15.743          -20.638
   20 (occ)     1         -18.837           6.764         -24.492         -15.705          -20.860
   21 (occ)     1         -18.667           6.631         -24.525         -15.779          -20.782
   22 (occ)     1         -18.627           6.937         -24.512         -15.870          -20.331
   23 (occ)     1         -18.455           6.648         -24.412         -15.802          -20.416
   24 (occ)     1         -18.415           6.686         -24.613         -15.899          -20.442
   25 (occ)     1         -18.212           6.534         -24.407         -15.854          -20.231
   26 (occ)     1         -17.633           6.166         -24.315         -15.988          -19.794
   27 (occ)     1         -17.611           6.066         -24.237         -15.907          -19.875
   28 (occ)     1         -16.919           5.888         -23.735         -15.721          -19.046
   29 (occ)     1         -16.897           5.940         -23.857         -15.793          -19.022
   30 (occ)     1         -16.557           5.448         -23.031         -15.572          -18.568
   31 (occ)     1         -16.407           5.443         -22.948         -15.492          -18.421
   32 (occ)     1         -16.087           5.727         -23.327         -15.815          -17.872
   33 (occ)     1         -16.050           5.867         -23.044         -15.622          -17.606
   34 (occ)     1         -15.999           5.371         -23.374         -15.904          -18.098
   35 (occ)     1         -15.866           5.211         -22.986         -15.671          -17.970
   36 (occ)     1         -15.813           5.879         -23.048         -15.721          -17.260
   37 (occ)     1         -15.543           5.724         -22.820         -15.673          -16.965
   38 (occ)     1         -15.137           5.739         -22.891         -15.794          -16.494
   39 (occ)     1         -15.077           5.880         -23.087         -15.907          -16.378
   40 (occ)     1         -14.462           5.744         -22.955         -16.018          -15.654
   41 (occ)     1         -14.427           5.552         -22.367         -15.496          -15.745
   42 (occ)     1         -14.290           5.518         -22.509         -15.819          -15.462
   43 (occ)     1         -14.266           5.600         -22.720         -15.865          -15.520
   44 (occ)     1         -13.890           5.360         -22.358         -15.667          -15.221
   45 (occ)     1         -13.787           5.006         -21.343         -15.179          -14.945
   46 (occ)     1         -13.765           5.367         -22.382         -15.815          -14.966
   47 (occ)     1         -13.675           4.998         -21.557         -15.442          -14.792
   48 (occ)     1         -13.355           4.762         -21.212         -15.186          -14.620
   49 (occ)     1         -13.159           5.015         -22.138         -15.741          -14.541
   50 (occ)     1         -13.063           4.769         -21.683         -15.630          -14.347
   51 (occ)     1         -12.772           4.786         -21.860         -15.793          -14.053
   52 (occ)     1         -12.669           4.474         -21.117         -15.301          -14.012
   53 (occ)     1         -12.493           4.770         -22.134         -15.991          -13.866
   54 (occ)     1         -12.208           4.604         -21.517         -15.475          -13.645
   55 (occ)     1         -12.113           4.352         -21.254         -15.543          -13.473
   56 (occ)     1         -12.102           4.398         -21.436         -15.771          -13.368
   57 (occ)     1         -11.951           4.300         -21.389         -15.741          -13.300
   58 (occ)     1         -11.873           4.290         -21.261         -15.477          -13.366
   59 (occ)     1         -11.742           4.197         -21.050         -15.405          -13.190
   60 (occ)     1         -11.491           4.135         -21.541         -16.074          -12.824
   61 (occ)     1         -11.453           4.104         -20.973         -15.375          -12.947
   62 (occ)     1         -11.387           4.113         -21.187         -15.666          -12.795
   63 (occ)     1         -11.348           4.170         -21.421         -15.934          -12.667
   64 (occ)     1         -11.270           4.058         -18.326         -13.217          -12.320
   65 (occ)     1         -11.239           3.979         -18.398         -13.297          -12.361
   66 (occ)     1         -11.184           4.084         -21.365         -15.998          -12.467
   67 (occ)     1         -11.011           4.009         -21.284         -15.790          -12.496
   68 (occ)     1         -11.000           3.800         -20.863         -15.503          -12.559
   69 (occ)     1         -10.860           4.086         -17.969         -13.064          -11.679
   70 (occ)     1         -10.800           3.903         -21.651         -16.405          -12.144
   71 (occ)     1         -10.605           3.770         -21.197         -16.024          -12.007
   72 (occ)     1         -10.502           3.718         -21.039         -15.893          -11.930
   73 (occ)     1         -10.481           3.770         -21.365         -16.141          -11.936
   74 (occ)     1         -10.441           3.633         -21.264         -16.199          -11.873
   75 (occ)     1         -10.362           3.808         -17.795         -13.126          -11.222
   76 (occ)     1         -10.305           3.703         -21.612         -16.520          -11.693
   77 (occ)     1         -10.293           3.710         -21.038         -15.978          -11.643
   78 (occ)     1         -10.257           3.701         -21.075         -15.893          -11.738
   79 (occ)     1         -10.138           3.640         -21.159         -16.129          -11.528
   80 (occ)     1         -10.038           3.835         -17.468         -12.937          -10.734
   81 (occ)     1          -9.983           3.540         -21.120         -16.152          -11.411
   82 (occ)     1          -9.955           3.540         -21.123         -16.142          -11.396
   83 (occ)     1          -9.822           3.466         -20.462         -15.473          -11.345
   84 (occ)     1          -9.759           3.680         -17.366         -12.959          -10.486
   85 (occ)     1          -9.700           3.456         -20.903         -15.974          -11.173
   86 (occ)     1          -9.670           3.488         -17.526         -13.195          -10.512
   87 (occ)     1          -9.660           3.444         -21.041         -16.064          -11.193
   88 (occ)     1          -9.601           3.407         -21.055         -16.217          -11.033
   89 (occ)     1          -9.538           3.375         -20.979         -16.130          -11.011
   90 (occ)     1          -9.315           3.465         -17.200         -12.997          -10.053
   91 (occ)     1          -9.221           3.240         -20.242         -15.462          -10.760
   92 (occ)     1          -9.011           3.257         -20.688         -15.918          -10.524
   93 (occ)     1          -8.954           3.131         -20.751         -16.092          -10.481
   94 (occ)     1          -8.941           3.135         -17.265         -13.251           -9.821
   95 (occ)     1          -8.770           3.195         -17.012         -13.061           -9.525
   96 (occ)     1          -8.729           3.125         -20.717         -16.175          -10.146
   97 (occ)     1          -8.681           3.049         -20.828         -16.303          -10.157
   98 (occ)     1          -8.667           3.086         -20.893         -16.431          -10.043
   99 (occ)     1          -8.571           2.985         -20.430         -15.946          -10.070
  100 (occ)     1          -8.486           2.878         -16.749         -13.036           -9.321
  101 (occ)     1          -8.474           3.064         -20.559         -15.960          -10.009
  102 (occ)     1          -8.219           2.734         -16.651         -13.082           -9.054
  103 (occ)     1          -8.182           2.930         -20.723         -16.366           -9.610
  104 (occ)     1          -8.175           2.816         -16.835         -13.186           -9.009
  105 (occ)     1          -7.955           2.798         -20.745         -16.540           -9.362
  106 (occ)     1          -7.823           2.466         -16.384         -13.136           -8.605
  107 (occ)     1          -7.663           2.754         -20.748         -16.565           -9.092
  108 (occ)     1          -7.542           2.696         -20.988         -16.960           -8.875
  109 (occ)     1          -7.509           2.088         -16.261         -13.296           -8.386
  110 (occ)     1          -7.465           2.206         -16.283         -13.187           -8.356
  111 (occ)     1          -7.302           2.658         -20.801         -16.736           -8.709
  112 (occ)     1          -6.962           1.894         -15.941         -13.221           -7.787
  113 (occ)     1          -6.649           1.667         -16.032         -13.491           -7.522
  114 (occ)     1          -6.608           1.541         -15.784         -13.386           -7.466
  115 (occ)     1          -6.563           1.613         -15.705         -13.226           -7.429
  116 (occ)     1          -6.473           1.528         -15.775         -13.317           -7.402
  117 (occ)     1          -6.376           1.500         -15.861         -13.412           -7.324
  118 (occ)     1          -6.274           1.418         -15.870         -13.542           -7.185
  119 (occ)     1          -5.990           1.118         -15.351         -13.410           -6.813
  120 (occ)     1          -5.961           1.121         -15.526         -13.549           -6.817
  121 (occ)     1          -5.560           1.089         -15.543         -13.558           -6.456
  122 (occ)     1          -5.140           0.445         -14.811         -13.636           -5.870
  123 (occ)     1          -4.936           0.626         -15.104         -13.621           -5.794
  124 (occ)     1          -4.586           0.117         -14.370         -13.504           -5.335
  125 (vir)     1          -2.741          -2.114          -9.802         -13.590           -1.067
  126 (vir)     1          -2.442          -2.509          -8.613         -12.768           -0.796
  127 (vir)     1          -2.441          -2.285          -9.368         -13.343           -0.751
  128 (vir)     1          -1.951          -2.850          -7.831         -12.295           -0.336
  129 (vir)     1          -1.848          -2.745          -8.443         -12.886           -0.150
  130 (vir)     1          -1.702          -2.947          -7.681         -12.356            0.026
  131 (vir)     1          -1.576          -3.050          -8.632         -13.303            0.046
  132 (vir)     1          -1.432          -3.167          -7.734         -12.599            0.265
  133 (vir)     1          -1.162          -3.193          -7.969         -12.774            0.450
  134 (vir)     1          -1.087          -3.437          -8.036         -13.134            0.574
  135 (vir)     1          -0.846          -3.359          -7.440         -12.414            0.769
  136 (vir)     1          -0.777          -3.638          -8.256         -13.621            0.950
  137 (vir)     1          -0.514          -3.758          -7.729         -13.042            1.040
  138 (vir)     1          -0.405          -1.338          -1.457          -3.960            0.760
  139 (vir)     1          -0.394          -1.319          -1.411          -3.879            0.755
  140 (vir)     1          -0.239          -1.354          -1.532          -4.067            0.942
  141 (vir)     1          -0.212          -3.595          -6.566         -11.705            1.333
  142 (vir)     1          -0.190          -1.376          -1.534          -4.068            0.967
  143 (vir)     1          -0.103          -1.302          -1.436          -3.933            1.092
  144 (vir)     1           0.041          -1.345          -1.474          -3.996            1.218
  145 (vir)     1           0.112          -1.296          -1.352          -3.806            1.271
  146 (vir)     1           0.170          -3.711          -7.450         -12.928            1.938
  147 (vir)     1           0.327          -1.340          -1.403          -3.923            1.507
  148 (vir)     1           0.406          -1.304          -1.300          -3.736            1.538
  149 (vir)     1           0.531          -3.385          -6.967         -12.648            2.827
  150 (vir)     1           0.591          -2.463          -3.436          -7.222            1.913
  151 (vir)     1           0.606          -1.458          -1.333          -3.959            1.775
  152 (vir)     1           0.661          -1.677          -1.390          -4.266            1.860
  153 (vir)     1           0.755          -1.319          -1.294          -3.755            1.897
  154 (vir)     1           0.794          -1.488          -1.279          -3.935            1.961
  155 (vir)     1           0.896          -1.693          -2.159          -5.042            2.085
  156 (vir)     1           1.024          -1.602          -1.483          -4.288            2.228
  157 (vir)     1           1.078          -3.494          -5.374         -10.450            2.660
  158 (vir)     1           1.117          -1.236          -0.904          -3.187            2.163
  159 (vir)     1           1.156          -1.294          -1.230          -3.666            2.297
  160 (vir)     1           1.200          -1.672          -1.452          -4.341            2.418
  161 (vir)     1           1.292          -1.717          -2.063          -5.045            2.557
  162 (vir)     1           1.302          -1.245          -1.007          -3.327            2.377
  163 (vir)     1           1.350          -2.472          -3.375          -7.234            2.737
  164 (vir)     1           1.389          -1.780          -1.447          -4.491            2.652
  165 (vir)     1           1.483          -1.461          -1.567          -4.272            2.727
  166 (vir)     1           1.544          -1.560          -1.315          -4.048            2.718
  167 (vir)     1           1.550          -2.754          -3.776          -7.897            2.917
  168 (vir)     1           1.555          -1.977          -2.184          -5.425            2.820
  169 (vir)     1           1.590          -1.753          -1.473          -4.546            2.910
  170 (vir)     1           1.832          -3.255          -4.302          -9.151            3.426
  171 (vir)     1           1.841          -3.683          -5.021         -10.215            3.353
  172 (vir)     1           1.844          -1.718          -1.452          -4.419            3.092
  173 (vir)     1           1.957          -1.578          -1.585          -4.431            3.226
  174 (vir)     1           1.990          -1.769          -1.486          -4.581            3.316
  175 (vir)     1           2.021          -1.788          -2.034          -5.113            3.312
  176 (vir)     1           2.114          -1.508          -1.366          -4.088            3.328
  177 (vir)     1           2.116          -1.321          -1.025          -3.399            3.170
  178 (vir)     1           2.580          -1.602          -1.517          -4.377            3.837
  179 (vir)     1           2.585          -1.771          -1.441          -4.484            3.858
  180 (vir)     1           2.586          -3.260          -4.248          -9.094            4.171
  181 (vir)     1           2.604          -1.697          -1.584          -4.455            3.779
  182 (vir)     1           2.628          -1.871          -1.634          -4.870            3.992
  183 (vir)     1           2.681          -1.647          -1.597          -4.580            4.018
  184 (vir)     1           2.706          -4.426          -5.538         -11.694            4.436
  185 (vir)     1           2.718          -1.502          -1.303          -3.941            3.854
  186 (vir)     1           2.836          -2.095          -1.899          -5.373            4.215
  187 (vir)     1           2.918          -1.995          -2.015          -5.469            4.377
  188 (vir)     1           3.027          -1.492          -1.040          -3.694            4.189
  189 (vir)     1           3.233          -1.924          -1.791          -5.089            4.608
  190 (vir)     1           3.234          -1.812          -1.905          -5.139            4.656
  191 (vir)     1           3.251          -2.133          -2.032          -5.500            4.585
  192 (vir)     1           3.379          -1.699          -1.425          -4.288            4.543
  193 (vir)     1           3.434          -2.347          -3.709          -7.861            5.239
  194 (vir)     1           3.445          -2.140          -2.733          -6.454            5.026
  195 (vir)     1           3.487          -2.106          -2.151          -5.676            4.906
  196 (vir)     1           3.570          -2.203          -3.311          -7.231            5.287
  197 (vir)     1           3.620          -1.917          -1.409          -4.609            4.903
  198 (vir)     1           3.625          -2.347          -2.548          -6.386            5.115
  199 (vir)     1           3.663          -5.107          -5.674         -12.408            5.291
  200 (vir)     1           3.711          -2.026          -2.607          -6.149            5.227
  201 (vir)     1           3.736          -2.217          -3.186          -7.080            5.414
  202 (vir)     1           3.738          -2.056          -2.959          -6.624            5.347
  203 (vir)     1           3.776          -3.028          -2.924          -7.219            5.042
  204 (vir)     1           3.920          -2.478          -3.448          -7.614            5.608
  205 (vir)     1           4.043          -2.490          -2.174          -5.856            5.235
  206 (vir)     1           4.217          -3.033          -5.418         -10.328            6.094
  207 (vir)     1           4.265          -2.330          -3.293          -7.177            5.819
  208 (vir)     1           4.326          -2.707          -4.063          -8.569            6.125
  209 (vir)     1           4.382          -2.479          -3.367          -7.430            5.966
  210 (vir)     1           4.384          -6.165          -6.346         -14.105            5.978
  211 (vir)     1           4.397          -1.966          -1.873          -5.235            5.793
  212 (vir)     1           4.433          -2.394          -3.289          -7.365            6.115
  213 (vir)     1           4.512          -3.284          -5.479         -10.671            6.420
  214 (vir)     1           4.542          -3.141          -5.086         -10.077            6.392
  215 (vir)     1           4.568          -2.504          -3.513          -7.601            6.152
  216 (vir)     1           4.592          -4.152          -3.955          -9.417            5.902
  217 (vir)     1           4.614          -2.415          -3.256          -7.245            6.187
  218 (vir)     1           4.730          -3.079          -4.922          -9.860            6.589
  219 (vir)     1           4.769          -2.504          -3.584          -7.734            6.415
  220 (vir)     1           4.829          -2.949          -4.453          -9.302            6.729
  221 (vir)     1           4.834          -2.589          -3.520          -7.757            6.483
  222 (vir)     1           4.860          -3.276          -5.518         -10.735            6.800
  223 (vir)     1           4.901          -2.922          -1.973          -6.547            6.553
  224 (vir)     1           4.906          -2.140          -1.529          -4.846            6.083
  225 (vir)     1           4.953          -3.876          -7.144         -13.422            7.354
  226 (vir)     1           5.008          -2.978          -4.526          -9.350            6.853
  227 (vir)     1           5.066          -3.114          -4.731          -9.779            7.000
  228 (vir)     1           5.107          -2.899          -4.750          -9.511            6.969
  229 (vir)     1           5.136          -3.471          -5.768         -11.410            7.308
  230 (vir)     1           5.228          -2.675          -3.575          -7.991            6.969
  231 (vir)     1           5.239          -1.928          -1.679          -4.983            6.614
  232 (vir)     1           5.270          -2.876          -4.606          -9.266            7.055
  233 (vir)     1           5.276          -2.677          -3.580          -7.874            6.893
  234 (vir)     1           5.342          -2.509          -2.587          -6.587            6.834
  235 (vir)     1           5.361          -2.633          -3.080          -7.299            6.947
  236 (vir)     1           5.475          -2.810          -3.691          -8.181            7.155
  237 (vir)     1           5.546          -5.353          -4.988         -11.879            7.084
  238 (vir)     1           5.629          -2.857          -1.849          -6.300            7.224
  239 (vir)     1           5.632          -2.963          -3.969          -8.702            7.402
  240 (vir)     1           5.633          -3.339          -5.185         -10.675            7.785
  241 (vir)     1           5.646          -3.083          -4.343          -9.360            7.581
  242 (vir)     1           5.726          -3.092          -4.276          -9.151            7.510
  243 (vir)     1           5.777          -2.947          -4.028          -8.768            7.569
  244 (vir)     1           5.785          -2.622          -3.179          -7.329            7.312
  245 (vir)     1           6.011          -2.927          -4.054          -8.783            7.813
  246 (vir)     1           6.022          -3.489          -4.962         -10.441            8.012
  247 (vir)     1           6.089          -3.557          -5.388         -10.982            8.126
  248 (vir)     1           6.183          -2.322          -1.462          -5.236            7.635
  249 (vir)     1           6.228          -3.581          -5.400         -11.051            8.298
  250 (vir)     1           6.235          -3.032          -3.789          -8.611            8.025
  251 (vir)     1           6.281          -3.055          -3.854          -8.730            8.103
  252 (vir)     1           6.327          -3.466          -5.068         -10.593            8.386
  253 (vir)     1           6.366          -3.426          -5.505         -11.053            8.488
  254 (vir)     1           6.450          -6.120          -5.273         -12.944            8.001
  255 (vir)     1           6.459          -3.598          -5.097         -10.676            8.439
  256 (vir)     1           6.475          -2.820          -2.489          -6.865            8.032
  257 (vir)     1           6.555          -2.895          -2.039          -6.686            8.306
  258 (vir)     1           6.570          -3.339          -4.635          -9.894            8.490
  259 (vir)     1           6.692          -2.983          -3.502          -8.187            8.395
  260 (vir)     1           6.768          -3.036          -3.926          -8.777            8.583
  261 (vir)     1           6.769          -2.844          -2.110          -6.794            8.609
  262 (vir)     1           6.782          -3.126          -3.544          -8.465            8.577
  263 (vir)     1           6.856          -3.756          -5.342         -11.197            8.956
  264 (vir)     1           6.862          -2.983          -3.023          -7.640            8.495
  265 (vir)     1           6.911          -3.389          -4.523          -9.797            8.796
  266 (vir)     1           6.953          -2.677          -1.821          -6.059            8.513
  267 (vir)     1           6.972          -4.044          -3.369          -8.850            8.409
  268 (vir)     1           6.992          -3.374          -4.891         -10.234            8.961
  269 (vir)     1           7.143          -4.118          -6.090         -12.521            9.456
  270 (vir)     1           7.147          -3.142          -3.828          -8.745            8.921
  271 (vir)     1           7.202          -2.746          -2.509          -7.145            9.093
  272 (vir)     1           7.245          -2.705          -2.509          -7.148            9.180
  273 (vir)     1           7.362          -3.306          -3.809          -8.819            9.066
  274 (vir)     1           7.429          -2.671          -2.706          -7.481            9.533
  275 (vir)     1           7.430          -4.101          -6.190         -12.593            9.732
  276 (vir)     1           7.436          -3.661          -4.952         -10.606            9.429
  277 (vir)     1           7.479          -3.643          -4.641         -10.214            9.410
  278 (vir)     1           7.481          -2.833          -2.417          -6.765            8.996
  279 (vir)     1           7.488          -3.283          -2.350          -7.139            8.993
  280 (vir)     1           7.576          -3.008          -3.185          -7.807            9.190
  281 (vir)     1           7.649          -3.004          -2.621          -7.161            9.185
  282 (vir)     1           7.656          -2.494          -2.367          -6.834            9.629
  283 (vir)     1           7.804          -3.230          -3.340          -8.360            9.594
  284 (vir)     1           7.820          -3.039          -3.215          -8.018            9.583
  285 (vir)     1           7.846          -3.786          -4.821         -10.605            9.844
  286 (vir)     1           7.847          -2.859          -2.584          -7.450            9.854
  287 (vir)     1           7.952          -3.001          -1.764          -6.289            9.476
  288 (vir)     1           7.982          -3.127          -2.896          -7.610            9.569
  289 (vir)     1           8.231          -2.898          -2.081          -6.637            9.888
  290 (vir)     1           8.245          -3.502          -4.545         -10.004           10.203
  291 (vir)     1           8.283          -2.744          -2.706          -7.536           10.369
  292 (vir)     1           8.344          -4.584          -6.507         -13.468           10.721
  293 (vir)     1           8.366          -3.860          -5.105         -10.949           10.350
  294 (vir)     1           8.377          -3.247          -3.708          -8.782           10.204
  295 (vir)     1           8.428          -3.302          -2.311          -7.403           10.218
  296 (vir)     1           8.463          -3.789          -4.565         -10.296           10.405
  297 (vir)     1           8.469          -3.732          -4.059          -9.572           10.250
  298 (vir)     1           8.542          -3.392          -2.777          -8.127           10.501
  299 (vir)     1           8.563          -4.041          -5.405         -11.655           10.772
  300 (vir)     1           8.620          -3.296          -3.568          -8.694           10.450
  301 (vir)     1           8.636          -4.412          -5.633         -12.162           10.753
  302 (vir)     1           8.691          -3.807          -4.369         -10.024           10.539
  303 (vir)     1           8.704          -3.125          -2.549          -7.593           10.623
  304 (vir)     1           8.734          -3.499          -3.838          -9.163           10.560
  305 (vir)     1           8.817          -3.254          -3.058          -8.500           11.006
  306 (vir)     1           8.898          -3.308          -2.923          -7.860           10.527
  307 (vir)     1           9.004          -3.754          -3.736          -9.245           10.758
  308 (vir)     1           9.182          -3.602          -3.404          -8.638           10.815
  309 (vir)     1           9.237          -3.146          -3.764          -8.793           11.119
  310 (vir)     1           9.251          -3.312          -3.119          -8.702           11.522
  311 (vir)     1           9.257          -3.680          -2.364          -7.699           10.912
  312 (vir)     1           9.349          -3.576          -3.574          -8.911           11.110
  313 (vir)     1           9.440          -2.756          -2.140          -6.979           11.524
  314 (vir)     1           9.496          -3.053          -2.947          -7.574           11.071
  315 (vir)     1           9.566          -2.898          -2.424          -7.367           11.610
  316 (vir)     1           9.592          -4.160          -4.856         -11.050           11.626
  317 (vir)     1           9.595          -3.105          -3.065          -7.823           11.248
  318 (vir)     1           9.641          -3.428          -2.964          -7.966           11.214
  319 (vir)     1           9.683          -4.570          -4.975         -11.535           11.674
  320 (vir)     1           9.686          -3.328          -2.756          -8.065           11.667
  321 (vir)     1           9.789          -3.063          -2.674          -8.025           12.077
  322 (vir)     1           9.840          -4.164          -4.261         -10.326           11.741
  323 (vir)     1           9.847          -4.599          -5.028         -11.436           11.656
  324 (vir)     1           9.875          -3.289          -2.960          -7.832           11.458
  325 (vir)     1           9.916          -4.352          -5.123         -11.629           12.069
  326 (vir)     1           9.995          -3.931          -3.848          -9.628           11.844
  327 (vir)     1          10.058          -4.119          -2.469          -8.174           11.644
  328 (vir)     1          10.228          -4.863          -5.745         -12.859           12.479
  329 (vir)     1          10.278          -3.670          -3.627          -9.097           12.077
  330 (vir)     1          10.394          -4.159          -4.150         -10.231           12.316
  331 (vir)     1          10.423          -4.859          -4.906         -11.547           12.205
  332 (vir)     1          10.451          -4.312          -4.149         -10.278           12.268
  333 (vir)     1          10.509          -3.840          -2.141          -7.565           12.092
  334 (vir)     1          10.539          -4.279          -4.615         -10.933           12.578
  335 (vir)     1          10.540          -4.010          -4.116          -9.940           12.354
  336 (vir)     1          10.607          -3.935          -4.014          -9.820           12.477
  337 (vir)     1          10.619          -4.086          -2.746          -8.494           12.282
  338 (vir)     1          10.651          -3.138          -2.739          -8.347           13.121
  339 (vir)     1          10.704          -3.972          -4.110          -9.983           12.604
  340 (vir)     1          10.795          -4.315          -4.018         -10.170           12.632
  341 (vir)     1          10.845          -4.341          -4.308         -10.636           12.832
  342 (vir)     1          10.850          -4.648          -4.790         -11.473           12.885
  343 (vir)     1          10.890          -1.220          -2.150          -7.420           14.940
  344 (vir)     1          10.962          -4.337          -4.099         -10.264           12.790
  345 (vir)     1          11.001          -4.073          -3.653          -9.544           12.819
  346 (vir)     1          11.059          -4.055          -3.921          -9.799           12.882
  347 (vir)     1          11.143          -4.062          -4.024          -9.965           13.022
  348 (vir)     1          11.226          -4.073          -3.847          -9.750           13.056
  349 (vir)     1          11.313          -4.377          -4.968         -11.844           13.811
  350 (vir)     1          11.414          -4.298          -4.382         -10.797           13.530
  351 (vir)     1          11.460          -4.914          -5.079         -12.039           13.506
  352 (vir)     1          11.480          -3.807          -2.259          -7.678           13.092
  353 (vir)     1          11.493          -3.132          -2.618          -7.842           13.586
  354 (vir)     1          11.720          -4.199          -3.830          -9.930           13.621
  355 (vir)     1          11.771          -4.269          -3.948         -10.059           13.613
  356 (vir)     1          11.826          -4.188          -4.066         -10.254           13.825
  357 (vir)     1          11.982          -4.460          -4.293         -10.832           14.061
  358 (vir)     1          11.983          -4.447          -2.840          -9.078           13.774
  359 (vir)     1          12.146          -3.783          -2.589          -8.425           14.198
  360 (vir)     1          12.168          -5.105          -4.915         -11.883           14.031
  361 (vir)     1          12.217          -3.178          -2.806          -8.649           14.883
  362 (vir)     1          12.252          -4.250          -4.052         -10.275           14.225
  363 (vir)     1          12.322          -5.168          -4.998         -12.225           14.381
  364 (vir)     1          12.419          -3.943          -2.382          -8.079           14.173
  365 (vir)     1          12.486          -3.862          -3.404          -9.245           14.465
  366 (vir)     1          12.621          -4.168          -3.849          -9.958           14.562
  367 (vir)     1          12.743          -4.189          -3.635          -9.687           14.606
  368 (vir)     1          12.774          -4.710          -2.646          -8.914           14.332
  369 (vir)     1          12.893          -4.978          -4.799         -11.944           15.060
  370 (vir)     1          13.023          -2.013          -2.444          -8.083           16.649
  371 (vir)     1          13.023          -2.760          -2.444          -8.408           16.227
  372 (vir)     1          13.127          -1.483          -2.842          -8.680           17.482
  373 (vir)     1          13.134          -3.212          -2.794          -8.178           15.306
  374 (vir)     1          13.167          -3.346          -2.427          -7.809           15.203
  375 (vir)     1          13.209          -4.104          -3.578          -9.513           15.039
  376 (vir)     1          13.334          -3.260          -2.700          -8.906           16.280
  377 (vir)     1          13.520          -4.655          -4.305         -11.075           15.634
  378 (vir)     1          13.546          -2.383          -2.580          -8.399           16.981
  379 (vir)     1          13.693          -4.453          -4.148         -10.843           15.934
  380 (vir)     1          13.795          -1.576          -2.668          -8.417           17.969
  381 (vir)     1          13.976          -5.933          -5.326         -13.339           16.057
  382 (vir)     1          14.026          -5.332          -4.703         -11.999           15.990
  383 (vir)     1          14.056          -4.119          -2.433          -8.445           15.950
  384 (vir)     1          14.130          -3.604          -2.639          -8.851           16.738
  385 (vir)     1          14.253          -4.660          -4.115         -11.055           16.534
  386 (vir)     1          14.302          -0.763          -2.361          -8.237           19.415
  387 (vir)     1          14.347          -5.315          -4.721         -12.235           16.546
  388 (vir)     1          14.430          -6.041          -5.367         -13.646           16.668
  389 (vir)     1          14.499          -1.917          -2.476          -8.582           18.688
  390 (vir)     1          14.555           0.186          -2.611          -8.729           20.859
  391 (vir)     1          14.568          -5.348          -4.708         -12.288           16.800
  392 (vir)     1          14.629          -6.060          -4.921         -12.928           16.576
  393 (vir)     1          14.711          -5.966          -4.811         -12.695           16.628
  394 (vir)     1          14.868          -5.583          -4.486         -11.975           16.774
  395 (vir)     1          14.925          -4.890          -3.617         -10.224           16.642
  396 (vir)     1          15.072          -0.540          -2.437          -8.495           20.590
  397 (vir)     1          15.132          -5.280          -3.988         -11.057           16.921
  398 (vir)     1          15.210          -6.696          -5.478         -14.274           17.311
  399 (vir)     1          15.321          -4.193          -2.516          -8.787           17.399
  400 (vir)     1          15.342          -0.750          -2.672          -8.889           20.809
  401 (vir)     1          15.387          -6.194          -5.102         -13.492           17.583
  402 (vir)     1          15.438          -5.115          -3.494         -10.100           16.929
  403 (vir)     1          15.455          -4.544          -2.421          -8.643           17.133
  404 (vir)     1          15.473          -5.970          -4.815         -12.813           17.501
  405 (vir)     1          15.491          -5.720          -4.356         -11.883           17.299
  406 (vir)     1          15.591          -3.021          -2.804          -9.359           19.125
  407 (vir)     1          15.596          -0.590          -2.463          -8.639           21.182
  408 (vir)     1          15.715          -3.221          -2.490          -9.184           19.188
  409 (vir)     1          15.875          -5.766          -4.330         -11.976           17.755
  410 (vir)     1          16.022          -5.257          -3.576         -10.274           17.464
  411 (vir)     1          16.060          -5.120          -4.061         -11.526           18.405
  412 (vir)     1          16.074          -3.559          -2.554          -9.027           18.987
  413 (vir)     1          16.149          -4.672          -3.492         -10.317           18.302
  414 (vir)     1          16.152          -5.962          -4.442         -12.293           18.041
  415 (vir)     1          16.195          -3.827          -2.221          -8.578           18.726
  416 (vir)     1          16.369          -5.378          -3.726         -10.796           18.061
  417 (vir)     1          16.431          -2.848          -2.578          -8.891           19.897
  418 (vir)     1          16.521          -5.431          -3.691         -10.897           18.295
  419 (vir)     1          16.554          -3.565          -2.257          -9.050           19.781
  420 (vir)     1          16.561          -5.608          -4.202         -11.726           18.477
  421 (vir)     1          16.585          -5.636          -3.845         -10.977           18.082
  422 (vir)     1          16.821          -5.813          -4.128         -11.770           18.650
  423 (vir)     1          16.822          -6.443          -4.712         -13.131           18.797
  424 (vir)     1          17.028          -2.327          -2.427          -9.058           21.332
  425 (vir)     1          17.227          -5.519          -3.614         -10.844           18.939
  426 (vir)     1          17.238          -3.099          -2.360          -9.247           21.026
  427 (vir)     1          17.348          -5.977          -4.020         -11.786           19.137
  428 (vir)     1          17.388          -3.030          -2.663          -9.463           21.158
  429 (vir)     1          17.472          -5.910          -3.901         -11.310           18.971
  430 (vir)     1          17.524          -2.061          -2.801          -9.345           22.008
  431 (vir)     1          17.545          -5.959          -3.788         -11.188           18.986
  432 (vir)     1          17.556          -5.844          -3.891         -11.344           19.165
  433 (vir)     1          17.653          -2.591          -2.663          -9.549           21.948
  434 (vir)     1          17.852          -6.679          -4.595         -13.114           19.693
  435 (vir)     1          17.857          -5.806          -4.079         -11.620           19.592
  436 (vir)     1          17.924          -6.024          -4.024         -11.874           19.749
  437 (vir)     1          18.138          -2.477          -2.577          -9.420           22.504
  438 (vir)     1          18.170          -5.343          -3.247         -10.155           19.735
  439 (vir)     1          18.306          -6.195          -3.893         -11.727           19.945
  440 (vir)     1          18.367          -3.438          -2.547          -9.559           21.941
  441 (vir)     1          18.520          -2.621          -2.944          -9.682           22.637
  442 (vir)     1          18.593          -6.212          -3.863         -11.794           20.312
  443 (vir)     1          18.682          -3.208          -3.010         -10.039           22.504
  444 (vir)     1          18.758          -2.284          -3.296         -10.296           23.475
  445 (vir)     1          18.763          -6.217          -4.054         -12.047           20.540
  446 (vir)     1          18.765          -1.598          -3.232          -9.941           23.876
  447 (vir)     1          18.891          -6.138          -4.028         -12.037           20.761
  448 (vir)     1          18.899          -5.923          -3.864         -11.660           20.773
  449 (vir)     1          18.945          -3.178          -2.696          -9.689           22.761
  450 (vir)     1          19.014          -2.132          -2.912          -9.877           23.847
  451 (vir)     1          19.017          -4.261          -2.902         -10.390           22.244
  452 (vir)     1          19.036          -7.009          -4.531         -13.421           20.917
  453 (vir)     1          19.085          -6.703          -4.461         -13.062           20.983
  454 (vir)     1          19.201          -7.702          -5.080         -14.748           21.167
  455 (vir)     1          19.230          -7.175          -4.820         -13.954           21.189
  456 (vir)     1          19.247          -6.275          -3.959         -12.187           21.200
  457 (vir)     1          19.286          -6.908          -4.426         -13.144           21.096
  458 (vir)     1          19.357          -3.690          -2.396          -9.297           22.569
  459 (vir)     1          19.376          -5.887          -3.900         -11.695           21.284
  460 (vir)     1          19.437          -7.156          -4.620         -13.679           21.340
  461 (vir)     1          19.482          -4.750          -2.476          -9.948           22.204
  462 (vir)     1          19.533          -4.204          -2.754         -10.102           22.677
  463 (vir)     1          19.538          -7.510          -4.962         -14.480           21.548
  464 (vir)     1          19.643          -2.761          -2.925         -10.065           24.021
  465 (vir)     1          19.664          -6.785          -4.347         -13.047           21.580
  466 (vir)     1          19.832          -2.468          -3.026         -10.112           24.450
  467 (vir)     1          19.941          -3.781          -3.185         -10.789           23.763
  468 (vir)     1          20.054          -3.153          -3.178         -10.694           24.417
  469 (vir)     1          20.108          -7.939          -5.154         -15.063           22.077
  470 (vir)     1          20.224          -2.719          -2.661          -9.668           24.512
  471 (vir)     1          20.230          -6.934          -4.473         -13.367           22.190
  472 (vir)     1          20.407          -6.577          -3.768         -11.980           22.042
  473 (vir)     1          20.435          -7.401          -4.576         -13.842           22.299
  474 (vir)     1          20.450          -3.726          -2.810         -10.147           24.061
  475 (vir)     1          20.488          -8.547          -5.503         -16.106           22.545
  476 (vir)     1          20.517          -6.085          -3.597         -11.427           22.263
  477 (vir)     1          20.534          -8.240          -5.260         -15.548           22.582
  478 (vir)     1          20.738          -2.958          -3.175         -11.134           25.740
  479 (vir)     1          20.739          -6.797          -4.047         -12.606           22.501
  480 (vir)     1          20.905          -3.310          -3.000         -11.003           25.598
  481 (vir)     1          21.036          -6.443          -3.566         -11.589           22.615
  482 (vir)     1          21.091          -3.036          -3.094         -11.031           25.991
  483 (vir)     1          21.115          -6.417          -3.780         -11.930           22.848
  484 (vir)     1          21.121          -6.558          -3.803         -12.129           22.890
  485 (vir)     1          21.230          -5.096          -2.679         -10.883           24.338
  486 (vir)     1          21.268          -1.520          -2.882         -10.097           26.963
  487 (vir)     1          21.327          -2.194          -3.186         -11.271           27.218
  488 (vir)     1          21.413          -6.781          -4.120         -12.657           23.168
  489 (vir)     1          21.525          -2.049          -3.029         -10.850           27.298
  490 (vir)     1          21.602          -3.465          -2.932         -10.836           26.041
  491 (vir)     1          21.631          -6.970          -3.857         -12.550           23.355
  492 (vir)     1          21.652          -6.211          -3.276         -10.909           23.074
  493 (vir)     1          21.697          -2.360          -3.232         -11.237           27.342
  494 (vir)     1          21.758          -2.185          -3.107         -10.396           26.862
  495 (vir)     1          21.816          -2.019          -2.935         -10.269           27.131
  496 (vir)     1          21.841          -6.620          -3.575         -11.767           23.413
  497 (vir)     1          21.896          -7.106          -4.141         -13.101           23.750
  498 (vir)     1          21.961          -6.179          -3.328         -11.089           23.543
  499 (vir)     1          22.031          -1.747          -2.956         -11.134           28.463
  500 (vir)     1          22.075          -6.959          -3.666         -12.177           23.627
  501 (vir)     1          22.110          -1.582          -3.271         -11.425           28.681
  502 (vir)     1          22.183          -6.355          -3.147         -10.981           23.661
  503 (vir)     1          22.192          -6.940          -3.720         -12.179           23.710
  504 (vir)     1          22.303          -6.930          -3.787         -12.356           23.943
  505 (vir)     1          22.315          -7.021          -3.677         -12.514           24.132
  506 (vir)     1          22.589          -7.122          -3.554         -12.017           23.930
  507 (vir)     1          22.653          -1.162          -3.491         -11.202           29.202
  508 (vir)     1          22.711          -1.914          -3.210         -11.275           28.863
  509 (vir)     1          22.713          -0.293          -2.947         -10.467           29.940
  510 (vir)     1          22.904          -7.398          -3.793         -12.828           24.542
  511 (vir)     1          22.921          -7.292          -3.582         -12.246           24.294
  512 (vir)     1          23.121          -6.992          -3.929         -12.741           24.941
  513 (vir)     1          23.204          -7.004          -3.806         -12.586           24.980
  514 (vir)     1          23.393          -7.229          -3.709         -12.560           25.015
  515 (vir)     1          23.542          -7.195          -3.538         -12.153           24.962
  516 (vir)     1          23.805          -2.395          -2.431          -9.458           28.437
  517 (vir)     1          23.842          -7.069          -3.589         -12.251           25.435
  518 (vir)     1          24.060          -7.427          -3.688         -12.661           25.607
  519 (vir)     1          24.186          -7.282          -3.547         -12.430           25.787
  520 (vir)     1          24.293          -7.187          -3.635         -12.340           25.811
  521 (vir)     1          24.676          -7.346          -3.397         -11.944           25.876
  522 (vir)     1          24.806          -6.733          -2.729         -10.310           25.653
  523 (vir)     1          24.827          -7.063          -3.590         -12.191           26.365
  524 (vir)     1          24.937          -2.242          -2.757          -9.622           29.560
  525 (vir)     1          25.176          -7.343          -3.426         -12.137           26.544
  526 (vir)     1          25.493          -3.186          -2.874         -10.690           30.123
  527 (vir)     1          25.587          -7.115          -3.071         -11.213           26.613
  528 (vir)     1          25.752          -6.999          -3.353         -11.645           27.046
  529 (vir)     1          25.895          -7.344          -3.332         -12.010           27.229
  530 (vir)     1          25.936          -7.056          -2.915         -10.746           26.710
  531 (vir)     1          26.002          -2.044          -2.723         -10.230           31.465
  532 (vir)     1          26.139          -2.266          -2.969         -11.012           31.916
  533 (vir)     1          26.246          -2.095          -2.928         -10.746           31.969
  534 (vir)     1          27.122          -2.751          -2.737         -10.694           32.327
  535 (vir)     1          27.165          -3.574          -2.738         -10.609           31.462
  536 (vir)     1          27.426          -3.949          -2.585         -10.600           31.493
  537 (vir)     1          27.576          -7.512          -2.388          -9.621           27.297
  538 (vir)     1          27.603          -7.982          -2.361          -9.463           26.724
  539 (vir)     1          27.696          -7.229          -3.008         -11.167           28.626
  540 (vir)     1          28.001          -7.566          -2.320          -9.465           27.580
  541 (vir)     1          28.094          -2.199          -2.800         -10.803           33.898
  542 (vir)     1          28.352          -7.459          -2.660         -10.194           28.427
  543 (vir)     1          28.618          -3.398          -2.578         -10.466           33.108
  544 (vir)     1          28.622          -3.837          -2.254         -10.076           32.607
  545 (vir)     1          28.719          -7.359          -2.287          -9.395           28.469
  546 (vir)     1          28.771         -10.044          -3.025         -11.129           26.831
  547 (vir)     1          29.597          -4.116          -2.480         -10.319           33.320
  548 (vir)     1          29.610          -3.869          -2.286         -10.093           33.548
  549 (vir)     1          29.719          -9.518          -2.731         -10.798           28.268
  550 (vir)     1          29.761          -4.203          -2.421         -10.265           33.402
  551 (vir)     1          29.936          -9.883          -2.630         -10.735           28.159
  552 (vir)     1          30.045          -8.438          -2.459          -9.995           29.143
  553 (vir)     1          30.163          -3.537          -2.138         -10.042           34.531
  554 (vir)     1          30.351          -7.915          -2.539         -10.375           30.272
  555 (vir)     1          30.528          -3.598          -2.562         -10.392           34.760
  556 (vir)     1          30.665          -3.514          -2.094         -10.018           35.074
  557 (vir)     1          30.674          -8.840          -2.484         -10.266           29.616
  558 (vir)     1          31.389          -4.039          -2.331         -10.117           35.136
  559 (vir)     1          31.478          -7.483          -2.414         -10.208           31.788
  560 (vir)     1          31.538          -7.353          -2.331          -9.687           31.542
  561 (vir)     1          32.124          -3.147          -1.949          -9.653           36.681
  562 (vir)     1          32.489          -3.495          -2.328         -10.677           37.343
  563 (vir)     1          32.674          -3.816          -2.192         -10.130           36.795
  564 (vir)     1          32.699          -9.953          -2.694         -10.925           30.976
  565 (vir)     1          33.096          -3.124          -2.268         -10.523           38.229
  566 (vir)     1          33.586          -3.466          -2.415         -10.754           38.460
  567 (vir)     1          33.609         -10.599          -3.390         -12.168           31.788
  568 (vir)     1          33.770         -10.446          -3.460         -12.400           32.264
  569 (vir)     1          33.847          -0.324          -1.827          -9.929           41.624
  570 (vir)     1          33.854          -9.986          -3.905         -13.090           33.054
  571 (vir)     1          34.168          -5.055          -1.906         -10.009           37.216
  572 (vir)     1          34.205          -4.737          -2.062          -9.732           37.138
  573 (vir)     1          34.370         -10.062          -4.136         -13.750           33.922
  574 (vir)     1          34.529          -6.764          -2.069         -10.021           35.717
  575 (vir)     1          34.660          -9.913          -3.932         -13.447           34.262
  576 (vir)     1          34.899         -10.766          -3.807         -13.013           33.339
  577 (vir)     1          35.196         -10.717          -3.191         -12.180           33.469
  578 (vir)     1          35.257         -10.417          -3.341         -12.450           33.949
  579 (vir)     1          35.455         -10.742          -3.489         -12.689           33.913
  580 (vir)     1          35.525          -9.598          -3.655         -13.163           35.435
  581 (vir)     1          35.753         -10.122          -3.899         -13.647           35.379
  582 (vir)     1          35.754         -10.765          -3.349         -12.690           34.330
  583 (vir)     1          35.792          -9.945          -3.517         -12.949           35.280
  584 (vir)     1          36.066         -10.969          -3.309         -12.805           34.592
  585 (vir)     1          36.314         -11.374          -3.006         -12.107           34.041
  586 (vir)     1          36.350         -11.152          -3.570         -13.298           34.926
  587 (vir)     1          36.745         -10.104          -3.613         -13.367           36.395
  588 (vir)     1          36.897          -2.210          -2.071         -10.138           42.754
  589 (vir)     1          37.270           5.035          -3.021         -12.156           51.441
  590 (vir)     1          37.340         -11.800          -3.125         -12.400           34.815
  591 (vir)     1          37.413         -10.023          -2.965         -12.049           36.474
  592 (vir)     1          37.442         -10.336          -3.641         -13.668           37.132
  593 (vir)     1          37.876         -10.469          -3.431         -13.352           37.327
  594 (vir)     1          37.892         -10.464          -4.002         -14.562           37.988
  595 (vir)     1          38.032          -1.279          -2.179         -10.627           45.200
  596 (vir)     1          38.126         -10.998          -3.237         -12.705           36.596
  597 (vir)     1          38.183         -11.434          -3.642         -13.906           37.013
  598 (vir)     1          38.543         -10.772          -3.540         -13.669           37.901
  599 (vir)     1          38.708          -0.971          -2.017         -10.231           45.951
  600 (vir)     1          38.885          -1.388          -2.075         -10.658           46.080
  601 (vir)     1          39.087         -10.953          -3.475         -13.645           38.305
  602 (vir)     1          39.116           0.967          -1.961         -10.261           48.383
  603 (vir)     1          39.280         -11.250          -2.993         -12.551           37.589
  604 (vir)     1          39.394         -11.939          -3.571         -13.416           37.299
  605 (vir)     1          39.534         -11.220          -3.601         -14.002           38.716
  606 (vir)     1          39.741         -11.584          -3.447         -13.929           38.639
  607 (vir)     1          39.863         -11.641          -3.564         -14.142           38.800
  608 (vir)     1          39.878         -10.917          -3.738         -14.211           39.434
  609 (vir)     1          39.880         -11.619          -3.219         -13.218           38.261
  610 (vir)     1          40.212          -2.716          -2.116         -10.891           46.270
  611 (vir)     1          40.281          -0.373          -1.962         -10.815           48.761
  612 (vir)     1          40.328           0.064          -2.035         -10.568           48.925
  613 (vir)     1          40.474         -11.366          -3.511         -13.987           39.584
  614 (vir)     1          40.608         -11.843          -3.146         -12.892           38.511
  615 (vir)     1          40.885         -12.118          -3.374         -13.527           38.920
  616 (vir)     1          41.004         -12.187          -3.156         -13.221           38.882
  617 (vir)     1          41.060          -9.361          -2.953         -12.664           41.410
  618 (vir)     1          41.222           2.906          -2.333         -11.479           53.275
  619 (vir)     1          41.358         -12.301          -3.280         -13.740           39.518
  620 (vir)     1          41.394         -12.388          -2.952         -12.695           38.750
  621 (vir)     1          41.421         -11.710          -3.433         -14.319           40.596
  622 (vir)     1          41.546         -12.230          -3.224         -13.632           39.724
  623 (vir)     1          41.578          -6.302          -2.583         -12.156           44.849
  624 (vir)     1          41.948         -12.518          -3.350         -13.497           39.576
  625 (vir)     1          42.213         -12.719          -3.203         -13.390           39.681
  626 (vir)     1          42.442         -12.648          -3.277         -13.347           39.865
  627 (vir)     1          42.489         -12.593          -3.127         -13.312           40.081
  628 (vir)     1          42.828         -10.410          -2.851         -12.899           42.466
  629 (vir)     1          43.036          -1.146          -2.392         -11.913           51.411
  630 (vir)     1          43.224         -12.672          -3.078         -13.346           40.820
  631 (vir)     1          43.323         -10.218          -2.484         -11.964           42.584
  632 (vir)     1          43.503          -9.937          -2.889         -12.850           43.527
  633 (vir)     1          43.574          -9.188          -2.771         -12.573           44.188
  634 (vir)     1          43.690          -8.252          -2.002         -10.853           44.289
  635 (vir)     1          43.711          -8.066          -2.748         -12.751           45.648
  636 (vir)     1          43.903          -7.234          -2.786         -12.873           46.756
  637 (vir)     1          44.162          -0.111          -2.544         -12.424           53.930
  638 (vir)     1          44.303          -5.897          -2.931         -13.269           48.744
  639 (vir)     1          44.448           4.922          -2.788         -12.639           59.220
  640 (vir)     1          44.550          -5.460          -2.958         -13.397           49.530
  641 (vir)     1          45.189          -4.424          -2.660         -12.348           50.453
  642 (vir)     1          45.209          -9.420          -2.401         -11.821           45.208
  643 (vir)     1          45.316          -1.839          -2.436         -12.349           53.390
  644 (vir)     1          45.326          -0.356          -2.137         -11.329           54.162
  645 (vir)     1          45.739          -0.472          -2.123         -11.474           54.617
  646 (vir)     1          45.919          -1.180          -2.122         -11.557           54.175
  647 (vir)     1          45.927           4.329          -2.893         -13.150           60.512
  648 (vir)     1          45.965         -10.029          -2.824         -13.134           46.247
  649 (vir)     1          46.306           0.481          -2.719         -12.907           56.975
  650 (vir)     1          46.397           4.540          -2.477         -12.177           60.637
  651 (vir)     1          46.738           0.063          -2.104         -11.485           56.182
  652 (vir)     1          46.797           2.118          -2.052         -11.447           58.310
  653 (vir)     1          46.809           5.206          -3.213         -13.844           62.647
  654 (vir)     1          47.126           5.227          -2.862         -13.332           62.823
  655 (vir)     1          47.301           2.469          -2.133         -11.786           59.424
  656 (vir)     1          47.343           4.202          -2.551         -12.464           61.458
  657 (vir)     1          47.466           3.242          -2.094         -11.572           60.187
  658 (vir)     1          47.481           1.305          -2.115         -11.693           58.365
  659 (vir)     1          47.606           5.186          -2.886         -13.453           63.359
  660 (vir)     1          47.715           1.922          -2.000         -11.464           59.101
  661 (vir)     1          47.827           2.960          -2.922         -13.508           61.373
  662 (vir)     1          47.863          -6.073          -2.045         -11.444           51.189
  663 (vir)     1          47.946           4.333          -2.402         -12.099           61.975
  664 (vir)     1          48.485           4.227          -2.831         -13.353           63.234
  665 (vir)     1          48.583           4.119          -2.289         -11.939           62.352
  666 (vir)     1          48.583           4.715          -2.721         -13.273           63.850
  667 (vir)     1          48.609           3.879          -2.954         -13.622           63.156
  668 (vir)     1          48.858           4.458          -1.706         -11.337           62.947
  669 (vir)     1          48.973           1.630          -2.090         -11.774           60.287
  670 (vir)     1          49.083           3.568          -1.720         -11.356           62.287
  671 (vir)     1          49.199           3.395          -2.883         -13.371           63.082
  672 (vir)     1          49.349           4.848          -2.845         -13.649           65.002
  673 (vir)     1          49.520           3.509          -2.871         -13.479           63.636
  674 (vir)     1          49.527           2.091          -1.862         -11.357           61.112
  675 (vir)     1          49.570           2.951          -1.715         -11.430           62.235
  676 (vir)     1          49.732           3.727          -2.771         -13.319           64.007
  677 (vir)     1          49.748           3.820          -1.814         -11.553           63.307
  678 (vir)     1          49.866           4.608          -2.737         -13.255           64.992
  679 (vir)     1          50.070           4.889          -2.928         -13.905           65.936
  680 (vir)     1          50.120           3.988          -1.943         -11.703           63.867
  681 (vir)     1          50.404           4.804          -2.805         -13.550           65.953
  682 (vir)     1          50.599           3.818          -2.736         -13.323           65.004
  683 (vir)     1          50.958           4.176          -2.253         -11.918           64.798
  684 (vir)     1          50.988           3.325          -2.005         -11.804           64.112
  685 (vir)     1          51.207           2.265          -1.905         -11.765           63.331
  686 (vir)     1          51.222           5.179          -2.952         -14.164           67.613
  687 (vir)     1          51.266           4.825          -3.018         -14.115           67.188
  688 (vir)     1          51.280           2.387          -2.108         -12.131           63.689
  689 (vir)     1          51.569           5.173          -3.046         -14.376           68.071
  690 (vir)     1          51.670           4.305          -2.989         -13.962           66.949
  691 (vir)     1          51.670          -9.447          -2.048         -11.899           52.074
  692 (vir)     1          51.852           3.844          -2.315         -12.279           65.660
  693 (vir)     1          52.273           3.842          -3.269         -14.245           67.091
  694 (vir)     1          52.333           4.403          -2.760         -13.749           67.725
  695 (vir)     1          52.421           4.908          -2.960         -14.358           68.727
  696 (vir)     1          52.552           4.112          -2.867         -13.634           67.431
  697 (vir)     1          52.939           4.309          -3.111         -14.482           68.619
  698 (vir)     1          53.085           3.356          -3.195         -14.211           67.457
  699 (vir)     1          53.479           3.979          -2.914         -14.171           68.715
  700 (vir)     1          53.781           4.034          -3.026         -14.251           69.041
  701 (vir)     1          54.149           3.709          -2.752         -13.680           68.787
  702 (vir)     1          54.200          -6.220          -2.219         -12.351           58.112
  703 (vir)     1          54.371           3.923          -2.998         -14.395           69.691
  704 (vir)     1          54.408           4.483          -2.901         -14.192           70.182
  705 (vir)     1          54.411           2.397          -2.326         -12.716           67.198
  706 (vir)     1          54.519          -0.908          -2.552         -13.382           64.442
  707 (vir)     1          54.572           4.040          -3.060         -14.392           69.944
  708 (vir)     1          54.927           4.360          -2.793         -14.211           70.705
  709 (vir)     1          55.061           4.038          -3.148         -14.441           70.393
  710 (vir)     1          55.135           4.443          -2.910         -14.370           71.038
  711 (vir)     1          55.387          -1.256          -2.199         -12.423           64.355
  712 (vir)     1          55.535           3.614          -3.082         -14.511           70.578
  713 (vir)     1          55.784           4.069          -3.079         -14.175           70.948
  714 (vir)     1          55.923           4.372          -2.908         -14.474           71.860
  715 (vir)     1          56.140           3.966          -3.299         -14.787           71.593
  716 (vir)     1          56.149           4.401          -2.730         -13.872           71.692
  717 (vir)     1          56.418           3.951          -2.674         -13.675           71.370
  718 (vir)     1          56.614           4.090          -2.679         -13.545           71.569
  719 (vir)     1          56.663           3.739          -2.967         -14.107           71.542
  720 (vir)     1          56.933           2.810          -2.366         -13.029           70.406
  721 (vir)     1          57.153           4.024          -2.773         -14.169           72.573
  722 (vir)     1          57.191           4.204          -2.721         -13.640           72.314
  723 (vir)     1          57.323           3.692          -2.781         -13.691           71.926
  724 (vir)     1          57.370           0.773          -2.658         -13.851           69.337
  725 (vir)     1          57.530           4.080          -2.744         -14.315           73.181
  726 (vir)     1          57.740           3.930          -2.705         -14.006           72.972
  727 (vir)     1          57.786           3.949          -2.636         -13.926           73.025
  728 (vir)     1          57.827           4.278          -2.836         -14.587           73.856
  729 (vir)     1          57.827           0.403          -2.541         -13.709           69.398
  730 (vir)     1          57.842           3.952          -2.722         -13.985           73.057
  731 (vir)     1          58.018           4.225          -2.805         -14.157           73.595
  732 (vir)     1          58.318           3.691          -2.868         -13.924           73.064
  733 (vir)     1          58.360           4.258          -2.681         -14.077           74.014
  734 (vir)     1          58.475           4.252          -2.628         -14.073           74.173
  735 (vir)     1          58.729           3.965          -2.707         -14.254           74.241
  736 (vir)     1          58.791           3.352          -2.683         -13.799           73.259
  737 (vir)     1          58.983           4.166          -2.742         -13.831           74.237
  738 (vir)     1          59.148           3.603          -2.866         -13.889           73.774
  739 (vir)     1          59.297           4.054          -2.626         -13.552           74.277
  740 (vir)     1          59.371           4.402          -3.023         -14.396           75.147
  741 (vir)     1          59.523           0.589          -2.582         -13.789           71.320
  742 (vir)     1          59.652           4.112          -2.930         -14.206           75.041
  743 (vir)     1          60.181           3.030          -2.390         -12.705           73.527
  744 (vir)     1          60.255           3.014          -2.435         -12.827           73.661
  745 (vir)     1          60.277           4.266          -2.927         -14.231           75.846
  746 (vir)     1          60.535           4.230          -2.532         -13.836           76.069
  747 (vir)     1          60.796           2.507          -2.550         -14.021           74.774
  748 (vir)     1          61.269           4.453          -3.099         -14.585           77.209
  749 (vir)     1          62.414           3.312          -2.817         -13.955           76.864
  750 (vir)     1          63.200           3.054          -2.574         -13.395           77.074
  751 (vir)     1          63.381           1.921          -2.548         -14.103           76.857
  752 (vir)     1          63.508           3.034          -2.691         -13.653           77.505
  753 (vir)     1          63.730           3.336          -2.564         -13.319           77.821
  754 (vir)     1          64.024           3.114          -2.833         -14.085           78.389
  755 (vir)     1          64.198           3.235          -2.593         -13.470           78.310
  756 (vir)     1          64.325           1.256          -2.526         -14.216           77.270
  757 (vir)     1          64.970           3.347          -2.840         -14.126           79.602
  758 (vir)     1          65.195           3.053          -2.784         -13.987           79.450
  759 (vir)     1          65.709           2.910          -2.514         -13.472           79.577
  760 (vir)     1          65.795           2.766          -2.539         -13.668           79.690
  761 (vir)     1          66.214           0.329          -2.552         -14.380           78.372
  762 (vir)     1          67.203           2.988          -2.522         -14.509           82.179
  763 (vir)     1          67.531           3.246          -3.014         -14.730           82.492
  764 (vir)     1          67.846           3.096          -2.780         -14.234           82.395
  765 (vir)     1          67.863           2.670          -2.376         -13.302           81.458
  766 (vir)     1          67.870           3.029          -2.691         -14.028           82.236
  767 (vir)     1          68.462           2.934          -2.597         -13.833           82.631
  768 (vir)     1          69.210           2.921          -2.750         -14.352           83.733
  769 (vir)     1          69.651           3.066          -2.739         -14.309           84.287
  770 (vir)     1          70.538           3.215          -3.064         -15.188           85.877
  771 (vir)     1          73.328           2.757          -2.743         -14.631           87.973
  772 (vir)     1          74.006           2.739          -2.626         -14.332           88.451
  773 (vir)     1          74.503           2.514          -2.308         -13.720           88.430
  774 (vir)     1          74.723           2.499          -2.328         -13.814           88.708
  775 (vir)     1          75.327           2.542          -2.579         -14.445           89.735
  776 (vir)     1          75.473           2.348          -2.424         -14.037           89.434
  777 (vir)     1          75.532           2.716          -2.617         -14.493           90.123
  778 (vir)     1          77.806           2.404          -2.372         -13.985           91.823
  779 (vir)     1          78.051           2.510          -2.443         -14.313           92.430
  780 (vir)     1          78.229           2.308          -2.285         -13.751           92.003
  781 (vir)     1          79.908           2.252          -2.280         -13.859           93.739
  782 (vir)     1          80.673           2.284          -2.218         -13.799           94.538
  783 (vir)     1          81.804           2.293          -2.240         -13.833           95.690
  784 (vir)     1          82.288           2.010          -2.094         -13.497           95.702
  785 (vir)     1          82.909           2.192          -2.286         -14.059           96.874
  786 (vir)     1          84.730           1.514          -1.802         -12.609           97.051
  787 (vir)     1          85.213           1.960          -2.179         -13.943           98.937
  788 (vir)     1          86.031           1.389          -1.735         -12.347           98.032
  789 (vir)     1          86.462           2.097          -2.185         -14.065          100.439
  790 (vir)     1          88.120           1.752          -1.970         -13.267          101.170
  791 (vir)     1          89.219           1.481          -1.771         -12.198          101.127
  792 (vir)     1          89.424           1.372          -1.850         -12.890          101.836
  793 (vir)     1          89.782           1.466          -1.942         -13.299          102.605
  794 (vir)     1          90.854           0.918          -1.537         -11.798          102.034
  795 (vir)     1          91.414           1.358          -2.182         -14.053          104.642
  796 (vir)     1          91.460           1.343          -2.183         -14.058          104.678
  797 (vir)     1          92.125           1.189          -1.715         -12.139          103.738
  798 (vir)     1          93.944           1.071          -1.635         -12.331          105.710
  799 (vir)     1          94.711           1.036          -1.644         -12.320          106.424
  800 (vir)     1          96.879           1.018          -1.657         -12.422          108.661
  801 (vir)     1          97.592           1.015          -1.672         -12.569          109.504
  802 (vir)     1          98.040           0.954          -1.666         -12.598          109.927
  803 (vir)     1         102.411           1.146          -1.800         -13.610          115.367
  804 (vir)     1         102.723           0.927          -1.705         -12.887          114.832
  805 (vir)     1         102.840           1.167          -1.840         -13.617          115.784
  806 (vir)     1         105.482           1.220          -1.798         -13.888          118.792
  807 (vir)     1         107.542           1.542          -1.910         -14.471          121.645
  808 (vir)     1         107.561           0.956          -1.769         -13.574          120.322
  809 (vir)     1         107.997           1.136          -1.814         -13.620          120.939
  810 (vir)     1         109.797           1.563          -1.806         -14.047          123.601
  811 (vir)     1         110.009           1.816          -1.836         -14.323          124.312
  812 (vir)     1         110.792           1.752          -1.824         -14.297          125.017
  813 (vir)     1         110.840           1.723          -1.759         -14.012          124.816
  814 (vir)     1         111.343           1.178          -1.705         -13.518          124.335
  815 (vir)     1         111.831           1.725          -1.709         -13.851          125.698
  816 (vir)     1         112.628           0.975          -1.682         -13.361          125.281
  817 (vir)     1         115.255           0.900          -1.613         -13.448          127.990
  818 (vir)     1         133.191           1.229          -1.232         -11.350          144.538
  819 (vir)     1         139.078           1.315          -1.184         -11.408          150.616
  820 (vir)     1         145.344           1.396          -1.156         -11.700          157.283
  821 (vir)     1         147.219           1.364          -1.113         -11.678          159.147
  822 (vir)     1         147.654           1.442          -1.101         -11.712          159.708
  823 (vir)     1         150.902           1.493          -1.101         -11.845          163.140
  824 (vir)     1         155.328           1.604          -1.035         -11.892          167.789
  825 (vir)     1         157.226           1.723          -1.003         -11.890          169.836
  826 (vir)     1         157.725           1.774          -0.999         -11.919          170.418
  827 (vir)     1         158.043           1.636          -0.982         -12.031          170.729
  828 (vir)     1         162.614           1.993          -0.900         -11.844          175.551
  829 (vir)     1         163.686           2.046          -0.857         -11.824          176.698
  830 (vir)     1         164.406           2.075          -0.925         -12.042          177.598
  831 (vir)     1         166.670           2.277          -0.797         -11.761          179.911
  832 (vir)     1         166.761           2.277          -0.838         -11.916          180.116
  833 (vir)     1         167.232           2.304          -0.747         -11.750          180.539
  834 (vir)     1         167.943           2.345          -0.864         -12.017          181.442
  835 (vir)     1         168.176           2.467          -0.740         -11.761          181.664
  836 (vir)     1         169.371           2.654          -0.751         -11.756          183.030
  837 (vir)     1         175.079           3.365          -0.712         -11.900          189.633
  838 (vir)     1         175.726           2.990          -0.734         -12.033          190.015
  839 (vir)     1         175.896           2.778          -0.747         -12.084          190.011
  840 (vir)     1         176.189           3.286          -0.718         -11.994          190.751
  841 (vir)     1         177.141           3.010          -0.735         -12.055          191.472
  842 (vir)     1         177.273           2.988          -0.732         -12.104          191.632
  843 (vir)     1         178.572           2.991          -0.739         -12.148          192.973
  844 (vir)     1         184.959           3.523          -0.703         -12.454          200.233
  845 (vir)     1         186.520           4.032          -0.675         -12.412          202.289
  846 (vir)     1         187.742           3.952          -0.675         -12.448          203.467
  847 (vir)     1         191.842           4.301          -0.666         -12.551          208.028
  848 (vir)     1         192.918           4.223          -0.681         -12.672          209.131
  849 (vir)     1         193.257           3.955          -0.685         -12.646          209.174
  850 (vir)     1         193.369           4.123          -0.685         -12.694          209.501
  851 (vir)     1         194.428           4.306          -0.686         -12.753          210.800
  852 (vir)     1         196.171           4.489          -0.661         -12.736          212.735
  853 (vir)     1         196.231           4.467          -0.651         -12.727          212.774
  854 (vir)     1         198.159           4.485          -0.679         -12.839          214.803
  855 (vir)     1         202.323           4.961          -0.648         -12.929          219.565
  856 (vir)     1         202.524           5.478          -0.634         -12.889          220.257
  857 (vir)     1         203.785           5.416          -0.625         -12.923          221.499
  858 (vir)     1         204.746           5.426          -0.648         -12.954          222.478
  859 (vir)     1         206.473           5.810          -0.635         -13.070          224.717
  860 (vir)     1         209.760           5.709          -0.622         -13.168          228.015
  861 (vir)     1         209.886           5.732          -0.637         -13.172          228.153
  862 (vir)     1         213.964           6.198          -0.652         -13.427          232.937
  863 (vir)     1         214.666           5.892          -0.642         -13.403          233.319
  864 (vir)     1         216.439           5.916          -0.642         -13.463          235.177
  865 (vir)     1         217.252           5.959          -0.634         -13.555          236.132
  866 (vir)     1         219.220           6.276          -0.673         -13.681          238.505
  867 (vir)     1         220.229           5.937          -0.655         -13.724          239.235
  868 (vir)     1         221.728           5.907          -0.699         -13.850          240.785
  869 (vir)     1         222.468           5.800          -0.669         -13.858          241.458
  870 (vir)     1         222.855           5.690          -0.699         -13.912          241.758
  871 (vir)     1         223.511           5.514          -0.714         -13.954          242.265
  872 (vir)     1         223.820           5.650          -0.706         -13.966          242.731
 
