 
  kpoint:       1             coordinate:     0.0000    0.0000    0.0000                  spin:  1
 
    n           k   ϵ_nk^DFT (eV)     Σ^c_nk (eV)     Σ^x_nk (eV)    v_nk^xc (eV)   ϵ_nk^G0W0 (eV)
 
    1 (occ)     1         -22.831           8.455         -25.557         -15.414          -24.519
    2 (occ)     1         -22.145           8.061         -25.338         -15.452          -23.970
    3 (occ)     1         -21.920           8.037         -25.335         -15.471          -23.746
    4 (occ)     1         -21.198           7.683         -25.169         -15.548          -23.136
    5 (occ)     1         -20.828           7.379         -24.926         -15.513          -22.862
    6 (occ)     1         -20.562           7.374         -24.945         -15.546          -22.586
    7 (occ)     1         -20.055           7.064         -24.810         -15.613          -22.188
    8 (occ)     1         -19.621           6.841         -24.633         -15.590          -21.823
    9 (occ)     1         -19.107           6.655         -24.541         -15.691          -21.302
   10 (occ)     1         -18.797           6.611         -24.496         -15.690          -20.992
   11 (occ)     1         -18.437           6.712         -24.586         -15.846          -20.465
   12 (occ)     1         -18.425           6.640         -24.386         -15.732          -20.439
   13 (occ)     1         -17.965           6.452         -24.304         -15.801          -20.017
   14 (occ)     1         -16.981           6.150         -23.991         -15.817          -19.004
   15 (occ)     1         -16.744           5.846         -23.672         -15.698          -18.873
   16 (occ)     1         -16.149           4.944         -22.677         -15.345          -18.537
   17 (occ)     1         -15.949           5.248         -22.969         -15.602          -18.068
   18 (occ)     1         -15.802           5.281         -23.090         -15.710          -17.902
   19 (occ)     1         -15.425           5.248         -22.981         -15.674          -17.485
   20 (occ)     1         -14.720           5.076         -22.920         -15.886          -16.678
   21 (occ)     1         -14.020           4.639         -22.097         -15.482          -15.996
   22 (occ)     1         -14.020           4.700         -22.293         -15.504          -16.108
   23 (occ)     1         -13.951           4.817         -22.570         -15.821          -15.882
   24 (occ)     1         -13.492           4.755         -21.162         -15.083          -14.817
   25 (occ)     1         -13.259           4.614         -21.328         -15.297          -14.676
   26 (occ)     1         -12.787           4.369         -22.009         -15.649          -14.778
   27 (occ)     1         -12.365           4.063         -20.816         -15.039          -14.079
   28 (occ)     1         -11.818           4.026         -21.383         -15.464          -13.711
   29 (occ)     1         -11.774           4.047         -21.099         -15.429          -13.396
   30 (occ)     1         -11.679           4.017         -21.371         -15.799          -13.234
   31 (occ)     1         -11.656           3.853         -21.073         -15.507          -13.369
   32 (occ)     1         -11.391           3.749         -21.015         -15.442          -13.215
   33 (occ)     1         -11.234           3.864         -18.386         -13.248          -12.508
   34 (occ)     1         -11.155           3.757         -20.959         -15.507          -12.850
   35 (occ)     1         -11.002           3.687         -18.527         -13.469          -12.372
   36 (occ)     1         -10.684           3.510         -21.288         -15.920          -12.542
   37 (occ)     1         -10.476           3.579         -21.439         -16.174          -12.162
   38 (occ)     1         -10.475           3.424         -20.685         -15.530          -12.207
   39 (occ)     1         -10.352           3.300         -20.844         -15.739          -12.157
   40 (occ)     1         -10.314           3.420         -21.176         -16.066          -12.004
   41 (occ)     1         -10.022           3.341         -21.005         -15.982          -11.705
   42 (occ)     1          -9.854           3.336         -17.875         -13.341          -11.052
   43 (occ)     1          -9.716           3.491         -17.399         -12.945          -10.680
   44 (occ)     1          -9.675           3.125         -20.979         -16.076          -11.453
   45 (occ)     1          -9.648           3.195         -21.182         -16.314          -11.322
   46 (occ)     1          -9.364           3.050         -20.169         -15.261          -11.221
   47 (occ)     1          -9.071           2.946         -20.356         -15.547          -10.933
   48 (occ)     1          -9.007           2.863         -20.466         -15.716          -10.894
   49 (occ)     1          -8.851           3.121         -17.109         -13.006           -9.833
   50 (occ)     1          -8.584           2.738         -20.704         -16.186          -10.364
   51 (occ)     1          -8.469           2.685         -20.339         -15.764          -10.359
   52 (occ)     1          -8.460           2.864         -17.317         -13.321           -9.591
   53 (occ)     1          -8.324           2.722         -20.658         -16.203          -10.056
   54 (occ)     1          -8.196           2.572         -16.691         -13.043           -9.273
   55 (occ)     1          -7.700           2.429         -20.643         -16.495           -9.420
   56 (occ)     1          -7.435           2.407         -20.747         -16.599           -9.176
   57 (occ)     1          -7.228           1.878         -16.106         -13.103           -8.354
   58 (occ)     1          -7.093           1.568         -16.011         -13.232           -8.304
   59 (occ)     1          -6.610           1.549         -16.131         -13.375           -7.817
   60 (occ)     1          -6.418           1.284         -15.761         -13.280           -7.616
   61 (occ)     1          -6.250           1.216         -15.882         -13.458           -7.459
   62 (occ)     1          -5.554           0.653         -15.183         -13.396           -6.688
   63 (occ)     1          -5.268           0.800         -15.604         -13.588           -6.484
   64 (occ)     1          -4.710           0.245         -14.893         -13.521           -5.837
   65 (vir)     1          -2.193          -2.122          -9.143         -13.304           -0.155
   66 (vir)     1          -2.174          -2.237          -7.772         -12.066           -0.117
   67 (vir)     1          -1.923          -2.328          -8.674         -13.097            0.172
   68 (vir)     1          -1.456          -2.673          -7.695         -12.484            0.660
   69 (vir)     1          -0.890          -3.162          -8.093         -13.270            1.126
   70 (vir)     1          -0.819          -2.976          -6.570         -11.349            0.983
   71 (vir)     1          -0.357          -1.199          -1.459          -3.969            0.954
   72 (vir)     1          -0.300          -1.163          -1.356          -3.777            0.958
   73 (vir)     1          -0.200          -3.295          -7.313         -12.515            1.707
   74 (vir)     1          -0.127          -1.149          -1.446          -3.939            1.217
   75 (vir)     1          -0.064          -3.868          -7.329         -12.832            1.572
   76 (vir)     1           0.054          -1.163          -1.416          -3.880            1.355
   77 (vir)     1           0.152          -1.105          -1.258          -3.643            1.432
   78 (vir)     1           0.468          -1.143          -1.275          -3.699            1.748
   79 (vir)     1           0.558          -1.098          -1.203          -3.569            1.826
   80 (vir)     1           0.631          -1.404          -1.288          -4.049            1.989
   81 (vir)     1           0.725          -1.418          -1.799          -4.524            2.031
   82 (vir)     1           1.023          -1.172          -1.213          -3.682            2.319
   83 (vir)     1           1.046          -1.275          -1.056          -3.588            2.303
   84 (vir)     1           1.090          -1.088          -1.112          -3.439            2.330
   85 (vir)     1           1.106          -1.655          -2.483          -5.505            2.474
   86 (vir)     1           1.182          -1.115          -0.898          -3.200            2.369
   87 (vir)     1           1.373          -2.740          -5.478         -10.739            3.895
   88 (vir)     1           1.481          -1.358          -1.531          -4.217            2.809
   89 (vir)     1           1.505          -1.324          -1.250          -3.928            2.860
   90 (vir)     1           1.593          -1.429          -1.663          -4.615            3.116
   91 (vir)     1           1.639          -0.993          -0.725          -2.865            2.786
   92 (vir)     1           1.709          -1.226          -1.184          -3.743            3.042
   93 (vir)     1           2.069          -1.372          -1.421          -4.182            3.457
   94 (vir)     1           2.143          -4.600          -5.339         -11.227            3.431
   95 (vir)     1           2.184          -1.429          -1.220          -4.084            3.620
   96 (vir)     1           2.317          -1.577          -1.763          -4.641            3.619
   97 (vir)     1           2.362          -2.138          -3.677          -7.961            4.508
   98 (vir)     1           2.423          -1.142          -0.953          -3.275            3.603
   99 (vir)     1           2.429          -1.406          -1.591          -4.502            3.934
  100 (vir)     1           2.627          -1.373          -1.385          -4.229            4.098
  101 (vir)     1           2.916          -1.238          -0.895          -3.418            4.201
  102 (vir)     1           3.042          -1.810          -1.825          -5.237            4.645
  103 (vir)     1           3.060          -1.338          -1.213          -3.935            4.444
  104 (vir)     1           3.115          -1.566          -1.851          -5.012            4.710
  105 (vir)     1           3.271          -1.374          -1.363          -4.057            4.591
  106 (vir)     1           3.465          -1.408          -1.081          -3.786            4.762
  107 (vir)     1           3.509          -1.928          -2.930          -6.680            5.331
  108 (vir)     1           3.721          -1.720          -1.836          -5.168            5.333
  109 (vir)     1           3.792          -1.755          -2.663          -6.212            5.586
  110 (vir)     1           3.834          -1.881          -2.617          -6.612            5.948
  111 (vir)     1           3.842          -1.874          -3.013          -6.797            5.751
  112 (vir)     1           3.873          -1.610          -1.963          -5.122            5.422
  113 (vir)     1           3.936          -6.138          -5.749         -12.745            4.794
  114 (vir)     1           4.026          -1.660          -2.198          -5.726            5.893
  115 (vir)     1           4.232          -1.725          -1.782          -5.110            5.835
  116 (vir)     1           4.276          -1.862          -2.427          -5.958            5.945
  117 (vir)     1           4.375          -2.295          -3.853          -8.168            6.395
  118 (vir)     1           4.508          -2.088          -3.381          -7.219            6.258
  119 (vir)     1           4.525          -1.867          -2.389          -5.791            6.059
  120 (vir)     1           4.538          -2.749          -4.948          -9.753            6.594
  121 (vir)     1           4.649          -2.408          -4.038          -8.343            6.547
  122 (vir)     1           4.831          -1.348          -1.521          -4.588            6.549
  123 (vir)     1           4.945          -2.361          -3.767          -8.083            6.901
  124 (vir)     1           5.013          -2.778          -5.031          -9.864            7.069
  125 (vir)     1           5.085          -1.931          -2.644          -6.226            6.735
  126 (vir)     1           5.105          -2.697          -4.750          -9.681            7.339
  127 (vir)     1           5.337          -2.086          -2.164          -5.894            6.981
  128 (vir)     1           5.433          -2.476          -3.699          -8.120            7.378
  129 (vir)     1           5.451          -2.300          -2.749          -6.902            7.304
  130 (vir)     1           5.495          -5.087          -4.356         -10.388            6.439
  131 (vir)     1           5.598          -3.163          -4.932         -10.289            7.792
  132 (vir)     1           5.623          -2.354          -3.023          -7.134            7.380
  133 (vir)     1           5.706          -3.120          -5.299         -10.771            8.058
  134 (vir)     1           5.718          -2.860          -4.745          -9.801            7.914
  135 (vir)     1           5.896          -1.810          -1.231          -4.572            7.427
  136 (vir)     1           5.921          -2.418          -3.404          -7.638            7.736
  137 (vir)     1           6.042          -2.877          -4.056          -9.023            8.132
  138 (vir)     1           6.044          -2.802          -4.094          -8.784            7.932
  139 (vir)     1           6.147          -2.235          -2.654          -6.586            7.844
  140 (vir)     1           6.461          -3.209          -5.165         -10.553            8.641
  141 (vir)     1           6.526          -3.386          -2.250          -6.282            7.171
  142 (vir)     1           6.554          -3.300          -5.018         -10.416            8.653
  143 (vir)     1           6.651          -2.196          -2.848          -7.834            9.441
  144 (vir)     1           6.663          -3.110          -4.379          -9.554            8.728
  145 (vir)     1           6.723          -2.648          -2.155          -6.797            8.718
  146 (vir)     1           6.761          -2.595          -2.877          -7.392            8.681
  147 (vir)     1           7.064          -2.840          -3.625          -8.431            9.029
  148 (vir)     1           7.066          -1.689          -1.926          -5.809            9.261
  149 (vir)     1           7.165          -3.229          -4.995         -10.568            9.509
  150 (vir)     1           7.300          -2.062          -4.379          -9.669           10.528
  151 (vir)     1           7.348          -3.079          -4.415          -9.500            9.354
  152 (vir)     1           7.363          -2.795          -3.543          -8.251            9.276
  153 (vir)     1           7.407          -2.626          -2.474          -6.797            9.104
  154 (vir)     1           7.520          -2.739          -3.327          -8.062            9.516
  155 (vir)     1           7.568          -2.219          -2.209          -6.423            9.562
  156 (vir)     1           7.569          -2.647          -2.244          -6.803            9.481
  157 (vir)     1           7.646          -2.566          -2.348          -7.114            9.846
  158 (vir)     1           7.802          -2.937          -3.323          -8.245            9.788
  159 (vir)     1           7.835          -3.160          -4.150          -9.384            9.909
  160 (vir)     1           7.843          -3.860          -6.320         -13.015           10.678
  161 (vir)     1           7.941          -2.882          -2.803          -7.844           10.100
  162 (vir)     1           7.953          -3.156          -3.913          -9.196           10.080
  163 (vir)     1           8.169          -2.777          -2.822          -7.725           10.294
  164 (vir)     1           8.331          -3.315          -4.411          -9.811           10.416
  165 (vir)     1           8.386          -2.659          -2.009          -6.638           10.355
  166 (vir)     1           8.646          -3.455          -4.615         -10.265           10.841
  167 (vir)     1           8.661          -3.581          -4.147          -9.401           10.334
  168 (vir)     1           8.933          -3.248          -4.013          -9.361           11.033
  169 (vir)     1           8.970          -3.428          -3.763          -9.256           11.035
  170 (vir)     1           9.124          -2.359          -2.176          -6.389           10.978
  171 (vir)     1           9.223          -1.744          -1.573          -5.778           11.684
  172 (vir)     1           9.260          -2.933          -3.191          -8.114           11.249
  173 (vir)     1           9.395          -2.081          -2.787          -7.921           12.447
  174 (vir)     1           9.504          -2.749          -2.898          -7.393           11.250
  175 (vir)     1           9.571          -2.879          -3.088          -7.912           11.515
  176 (vir)     1           9.600          -2.138          -2.611          -7.817           12.668
  177 (vir)     1           9.664          -3.334          -3.423          -8.782           11.688
  178 (vir)     1           9.790          -1.565          -2.690          -8.024           13.560
  179 (vir)     1           9.819          -3.077          -2.768          -7.769           11.744
  180 (vir)     1          10.109          -4.104          -4.863         -11.278           12.421
  181 (vir)     1          10.167          -2.099          -2.586          -7.894           13.377
  182 (vir)     1          10.181          -3.281          -3.988          -9.499           12.411
  183 (vir)     1          10.244          -3.488          -4.119          -9.767           12.404
  184 (vir)     1          10.294          -4.505          -5.329         -12.139           12.599
  185 (vir)     1          10.520          -3.134          -2.966          -7.956           12.376
  186 (vir)     1          10.680          -3.846          -5.077         -11.879           13.636
  187 (vir)     1          10.725          -4.310          -4.668         -11.106           12.853
  188 (vir)     1          10.915          -0.278          -2.231          -7.493           15.899
  189 (vir)     1          11.042          -4.170          -4.033         -10.196           13.035
  190 (vir)     1          11.116          -3.206          -3.105          -8.206           13.011
  191 (vir)     1          11.252          -3.621          -3.621          -9.204           13.212
  192 (vir)     1          11.253          -4.247          -4.872         -11.515           13.648
  193 (vir)     1          11.408          -4.216          -4.094         -10.418           13.516
  194 (vir)     1          11.444          -2.639          -2.947          -8.792           14.649
  195 (vir)     1          11.630          -3.034          -2.477          -7.872           13.990
  196 (vir)     1          11.700          -4.054          -4.245         -10.514           13.915
  197 (vir)     1          11.892          -4.136          -3.971         -10.300           14.085
  198 (vir)     1          11.999          -3.286          -2.431          -7.854           14.136
  199 (vir)     1          12.019          -4.177          -4.226         -10.600           14.216
  200 (vir)     1          12.116          -3.283          -2.663          -7.844           14.014
  201 (vir)     1          12.255          -1.392          -2.776          -8.674           16.762
  202 (vir)     1          12.356          -3.380          -3.124          -8.557           14.409
  203 (vir)     1          12.547          -3.584          -2.588          -8.226           14.602
  204 (vir)     1          12.883          -3.747          -3.515          -9.381           15.001
  205 (vir)     1          12.956          -1.361          -2.755          -9.301           18.141
  206 (vir)     1          13.064          -5.010          -4.906         -12.201           15.349
  207 (vir)     1          13.148          -3.143          -2.619          -7.714           15.100
  208 (vir)     1          13.320          -4.719          -4.728         -11.808           15.681
  209 (vir)     1          13.445          -1.143          -2.736          -9.202           18.768
  210 (vir)     1          13.631          -0.928          -2.568          -8.196           18.331
  211 (vir)     1          13.923          -2.124          -2.810          -8.836           17.824
  212 (vir)     1          14.038          -0.262          -2.404          -8.474           19.845
  213 (vir)     1          14.203          -5.318          -4.767         -12.479           16.597
  214 (vir)     1          14.261          -5.229          -4.962         -12.665           16.735
  215 (vir)     1          14.417          -5.169          -4.732         -12.331           16.845
  216 (vir)     1          14.459          -2.595          -2.595          -8.679           17.947
  217 (vir)     1          14.781          -4.973          -4.143         -11.263           16.929
  218 (vir)     1          14.908          -1.915          -2.470          -8.367           18.891
  219 (vir)     1          15.000          -5.247          -4.275         -11.475           16.953
  220 (vir)     1          15.045          -1.919          -2.548          -8.407           18.986
  221 (vir)     1          15.267          -6.156          -5.340         -13.996           17.768
  222 (vir)     1          15.334          -4.297          -3.504         -10.099           17.631
  223 (vir)     1          15.410          -0.368          -2.411          -8.621           21.252
  224 (vir)     1          15.732          -5.140          -4.189         -11.731           18.133
  225 (vir)     1          15.744          -4.680          -3.640         -10.418           17.843
  226 (vir)     1          15.849          -4.114          -3.099          -9.457           18.093
  227 (vir)     1          16.036          -3.020          -2.923          -9.718           19.811
  228 (vir)     1          16.158          -5.175          -4.435         -12.148           18.696
  229 (vir)     1          16.175          -4.388          -3.188          -9.587           18.186
  230 (vir)     1          16.329          -5.263          -4.173         -11.868           18.761
  231 (vir)     1          16.728          -3.467          -2.323          -8.784           19.722
  232 (vir)     1          16.751          -0.488          -2.210          -8.598           22.650
  233 (vir)     1          16.842          -5.318          -4.318         -12.154           19.360
  234 (vir)     1          16.945          -0.650          -2.513          -8.963           22.746
  235 (vir)     1          17.072          -0.686          -2.575          -9.103           22.913
  236 (vir)     1          17.122          -4.614          -3.720         -10.816           19.605
  237 (vir)     1          17.287          -5.487          -4.087         -11.773           19.486
  238 (vir)     1          17.548          -1.576          -2.975          -9.664           22.662
  239 (vir)     1          17.795          -4.856          -3.216         -10.209           19.931
  240 (vir)     1          18.083          -4.744          -3.278         -10.331           20.391
  241 (vir)     1          18.240          -2.797          -3.223          -9.996           22.217
  242 (vir)     1          18.377          -5.645          -3.783         -11.465           20.413
  243 (vir)     1          18.556          -5.612          -4.045         -12.051           20.950
  244 (vir)     1          18.571          -5.458          -3.827         -11.451           20.737
  245 (vir)     1          18.679          -3.385          -2.464          -9.522           22.352
  246 (vir)     1          18.694          -2.151          -2.742          -9.490           23.292
  247 (vir)     1          18.761          -6.051          -4.210         -12.641           21.141
  248 (vir)     1          18.788          -6.144          -4.339         -12.784           21.089
  249 (vir)     1          19.013          -3.671          -2.337          -9.409           22.415
  250 (vir)     1          19.102          -6.779          -4.896         -14.096           21.523
  251 (vir)     1          19.147          -3.158          -2.703          -9.941           23.226
  252 (vir)     1          19.286          -2.953          -2.412          -9.868           23.789
  253 (vir)     1          19.310          -6.059          -4.246         -12.741           21.746
  254 (vir)     1          19.399          -5.113          -3.256         -10.551           21.580
  255 (vir)     1          19.461          -5.858          -3.907         -12.153           21.849
  256 (vir)     1          19.578          -5.955          -4.137         -12.349           21.834
  257 (vir)     1          19.658          -0.041          -2.847          -9.689           26.460
  258 (vir)     1          19.765          -2.298          -3.042         -10.328           24.753
  259 (vir)     1          20.154          -1.230          -2.444          -9.074           25.553
  260 (vir)     1          20.196          -6.645          -4.435         -13.485           22.602
  261 (vir)     1          20.281          -7.747          -5.208         -15.266           22.592
  262 (vir)     1          20.357          -5.863          -3.615         -11.596           22.475
  263 (vir)     1          20.388          -3.370          -2.876         -10.200           24.342
  264 (vir)     1          20.724          -2.972          -2.704          -9.907           24.955
  265 (vir)     1          20.741          -5.541          -3.382         -11.180           22.997
  266 (vir)     1          20.910          -3.074          -2.943         -10.882           25.775
  267 (vir)     1          20.937          -6.475          -4.093         -12.817           23.187
  268 (vir)     1          21.301           2.378          -3.124         -11.030           31.585
  269 (vir)     1          21.347          -6.221          -4.115         -12.738           23.748
  270 (vir)     1          21.416          -6.795          -4.244         -13.365           23.742
  271 (vir)     1          21.473          -3.253          -2.958         -10.936           26.199
  272 (vir)     1          21.618          -6.044          -3.992         -12.424           24.006
  273 (vir)     1          21.680          -5.594          -3.166         -10.810           23.730
  274 (vir)     1          21.844          -4.639          -2.775         -10.503           24.932
  275 (vir)     1          21.924          -0.999          -3.325         -10.725           28.324
  276 (vir)     1          22.182         -10.615          -3.358         -10.933           19.142
  277 (vir)     1          22.422          -6.262          -3.540         -12.165           24.784
  278 (vir)     1          22.458          -7.192          -3.085         -11.181           23.361
  279 (vir)     1          22.469          -6.533          -3.610         -12.511           24.837
  280 (vir)     1          22.668          -5.272          -2.658          -9.841           24.579
  281 (vir)     1          23.048          -6.225          -3.337         -11.549           25.035
  282 (vir)     1          23.550          -6.659          -3.977         -12.993           25.906
  283 (vir)     1          23.653          -6.613          -3.513         -12.149           25.677
  284 (vir)     1          23.877          -6.868          -3.855         -12.844           25.998
  285 (vir)     1          24.344          -7.274          -3.812         -13.168           26.426
  286 (vir)     1          24.611          -6.118          -2.986         -11.010           26.516
  287 (vir)     1          24.707          -6.789          -3.456         -12.338           26.799
  288 (vir)     1          24.996           2.949          -2.548         -10.218           35.615
  289 (vir)     1          25.238          -6.774          -3.394         -12.089           27.160
  290 (vir)     1          25.675          -6.240          -3.042         -11.196           27.588
  291 (vir)     1          26.044          -0.176          -2.914         -10.775           33.729
  292 (vir)     1          26.789          -5.692          -2.659         -10.096           28.534
  293 (vir)     1          27.162          -5.657          -2.207          -9.165           28.464
  294 (vir)     1          27.724          -5.456          -2.330          -9.338           29.276
  295 (vir)     1          28.211          -9.024          -3.203         -11.653           27.638
  296 (vir)     1          28.467          -1.040          -2.837         -11.022           35.612
  297 (vir)     1          28.491          -5.871          -2.375          -9.730           29.974
  298 (vir)     1          28.612          -5.102          -2.259          -9.250           30.502
  299 (vir)     1          28.748          -6.038          -2.264         -10.059           30.505
  300 (vir)     1          29.071          -4.262          -2.499         -10.257           32.568
  301 (vir)     1          29.327          -2.620          -2.343         -10.078           34.442
  302 (vir)     1          30.120          -1.253          -2.408         -10.522           36.981
  303 (vir)     1          30.599          -3.646          -2.340          -9.997           34.610
  304 (vir)     1          31.040          -6.230          -2.284          -9.744           32.270
  305 (vir)     1          32.435          -7.410          -2.337         -10.192           32.879
  306 (vir)     1          32.586          -4.536          -1.961          -9.610           35.699
  307 (vir)     1          32.899           1.517          -2.111         -10.210           42.514
  308 (vir)     1          33.337          -1.205          -2.324         -10.756           40.563
  309 (vir)     1          33.738          -1.570          -2.264         -10.399           40.303
  310 (vir)     1          34.115          -8.574          -1.695          -9.774           33.619
  311 (vir)     1          34.124          -9.555          -3.620         -12.735           33.684
  312 (vir)     1          34.951          -9.840          -3.716         -13.060           34.455
  313 (vir)     1          35.326          -9.735          -3.804         -13.509           35.296
  314 (vir)     1          35.466          -9.837          -3.657         -13.321           35.293
  315 (vir)     1          35.624           1.275          -2.101          -9.987           44.786
  316 (vir)     1          36.077         -10.279          -2.890         -11.741           34.650
  317 (vir)     1          36.428         -10.539          -3.084         -12.250           35.056
  318 (vir)     1          36.557         -10.266          -3.484         -13.227           36.034
  319 (vir)     1          36.907         -10.773          -3.203         -12.442           35.373
  320 (vir)     1          37.698         -11.092          -2.452         -11.102           35.256
  321 (vir)     1          37.769          -4.235          -2.089         -10.300           41.745
  322 (vir)     1          37.824         -10.473          -3.144         -12.905           37.112
  323 (vir)     1          38.035         -10.635          -3.453         -13.528           37.475
  324 (vir)     1          38.531         -11.266          -3.442         -13.112           36.934
  325 (vir)     1          38.653         -11.202          -3.647         -14.017           37.821
  326 (vir)     1          39.196         -10.577          -1.921         -10.419           37.116
  327 (vir)     1          39.304         -11.173          -3.351         -13.489           38.269
  328 (vir)     1          39.437         -11.591          -3.277         -13.019           37.588
  329 (vir)     1          39.570           0.279          -2.056         -10.545           48.337
  330 (vir)     1          40.019         -11.994          -3.115         -12.812           37.723
  331 (vir)     1          40.724          -9.571          -2.909         -12.500           40.745
  332 (vir)     1          40.749           1.171          -2.014         -10.594           50.500
  333 (vir)     1          40.952         -11.426          -3.570         -13.867           39.822
  334 (vir)     1          41.017         -11.736          -3.422         -14.291           40.150
  335 (vir)     1          41.427         -11.787          -3.193         -13.495           39.942
  336 (vir)     1          41.683          -7.944          -2.979         -12.967           43.727
  337 (vir)     1          42.059         -10.765          -2.435         -11.729           40.589
  338 (vir)     1          42.210         -11.550          -3.067         -13.001           40.595
  339 (vir)     1          42.465         -11.688          -3.270         -13.459           40.966
  340 (vir)     1          42.758           5.054          -2.911         -12.555           57.457
  341 (vir)     1          42.837           1.126          -2.251         -11.663           53.374
  342 (vir)     1          43.269         -10.961          -2.538         -11.922           41.691
  343 (vir)     1          43.453          -8.613          -2.747         -12.738           44.832
  344 (vir)     1          43.911           3.768          -2.766         -12.323           57.236
  345 (vir)     1          44.272          -5.955          -2.802         -13.144           48.659
  346 (vir)     1          45.466          -4.795          -2.934         -13.258           50.995
  347 (vir)     1          45.825          -0.085          -2.401         -12.295           55.634
  348 (vir)     1          46.288           4.056          -2.804         -13.081           60.621
  349 (vir)     1          46.399          -4.178          -2.044         -11.208           51.385
  350 (vir)     1          46.563          -3.765          -2.213         -11.812           52.397
  351 (vir)     1          46.813          -1.527          -2.800         -13.007           55.492
  352 (vir)     1          47.131         -12.903          -3.029         -13.714           44.914
  353 (vir)     1          47.243           1.806          -2.114         -11.567           58.502
  354 (vir)     1          47.988           0.490          -2.459         -12.463           58.482
  355 (vir)     1          48.185           2.583          -2.225         -12.007           60.551
  356 (vir)     1          48.226           3.711          -2.122         -11.447           61.263
  357 (vir)     1          48.561           3.041          -2.924         -13.378           62.057
  358 (vir)     1          48.590           3.374          -1.910         -11.472           61.525
  359 (vir)     1          48.660           4.360          -2.779         -13.485           63.726
  360 (vir)     1          49.001           4.092          -1.649         -11.274           62.719
  361 (vir)     1          49.570           3.402          -2.886         -13.623           63.708
  362 (vir)     1          49.696           2.320          -1.778         -11.126           61.363
  363 (vir)     1          49.764           3.675          -2.901         -13.792           64.331
  364 (vir)     1          50.026           2.811          -2.480         -12.399           62.757
  365 (vir)     1          50.124           3.327          -2.845         -13.399           64.005
  366 (vir)     1          50.372           4.493          -2.889         -13.694           65.671
  367 (vir)     1          50.403           2.738          -1.839         -11.610           62.913
  368 (vir)     1          50.974           2.984          -3.210         -13.949           64.698
  369 (vir)     1          51.240           3.287          -2.585         -12.859           64.801
  370 (vir)     1          51.330           2.010          -2.078         -12.065           63.327
  371 (vir)     1          51.702           3.424          -2.948         -14.299           66.476
  372 (vir)     1          51.983           4.140          -2.757         -13.677           67.043
  373 (vir)     1          52.811           1.901          -2.005         -11.720           64.427
  374 (vir)     1          53.058           3.872          -3.081         -14.142           67.992
  375 (vir)     1          53.628           3.885          -3.104         -14.540           68.950
  376 (vir)     1          53.637           3.348          -2.913         -14.117           68.189
  377 (vir)     1          54.759           3.757          -3.115         -14.523           69.925
  378 (vir)     1          54.903           4.065          -3.184         -14.221           70.005
  379 (vir)     1          54.955           3.869          -2.967         -13.939           69.796
  380 (vir)     1          55.083           4.384          -2.792         -14.194           70.870
  381 (vir)     1          55.186           4.200          -2.684         -14.011           70.713
  382 (vir)     1          55.571           1.088          -2.259         -12.509           66.909
  383 (vir)     1          55.666           1.027          -2.176         -12.369           66.886
  384 (vir)     1          56.080           4.250          -2.718         -13.761           71.373
  385 (vir)     1          56.706           3.800          -2.959         -13.986           71.533
  386 (vir)     1          56.859          -0.531          -2.649         -13.772           67.451
  387 (vir)     1          57.353           3.909          -2.449         -13.516           72.328
  388 (vir)     1          57.531           3.589          -2.681         -14.041           72.480
  389 (vir)     1          57.688           3.839          -2.669         -14.086           72.945
  390 (vir)     1          57.914           3.878          -2.704         -14.013           73.101
  391 (vir)     1          58.045           3.426          -2.449         -12.902           71.923
  392 (vir)     1          58.137          -0.006          -2.531         -13.714           69.315
  393 (vir)     1          58.442           3.751          -2.644         -13.570           73.119
  394 (vir)     1          59.083           3.255          -2.563         -13.405           73.181
  395 (vir)     1          59.590           3.907          -2.884         -14.074           74.687
  396 (vir)     1          60.108           4.225          -3.079         -14.438           75.692
  397 (vir)     1          60.140           3.063          -2.275         -12.507           73.434
  398 (vir)     1          60.279           2.911          -2.445         -12.864           73.609
  399 (vir)     1          60.737           2.821          -2.433         -13.054           74.180
  400 (vir)     1          62.452           3.090          -2.521         -13.247           76.267
  401 (vir)     1          62.946           3.358          -2.570         -13.391           77.125
  402 (vir)     1          63.236           1.369          -2.556         -14.067           76.115
  403 (vir)     1          64.028           2.813          -2.770         -13.826           77.897
  404 (vir)     1          64.443           0.427          -2.519         -14.201           76.552
  405 (vir)     1          65.513           2.913          -2.312         -13.112           79.226
  406 (vir)     1          66.363           2.931          -2.552         -13.913           80.653
  407 (vir)     1          67.475           2.425          -2.385         -13.177           80.693
  408 (vir)     1          67.500           3.011          -2.546         -13.629           81.594
  409 (vir)     1          68.358           3.179          -3.050         -14.928           83.415
  410 (vir)     1          68.737           2.840          -2.704         -13.914           82.788
  411 (vir)     1          74.324           2.382          -2.320         -13.725           88.112
  412 (vir)     1          75.330           2.394          -2.173         -13.427           88.978
  413 (vir)     1          75.448           2.497          -2.537         -14.286           89.694
  414 (vir)     1          75.938           2.464          -2.614         -14.519           90.307
  415 (vir)     1          80.179           2.155          -2.373         -14.099           94.060
  416 (vir)     1          80.698           2.285          -2.363         -14.195           94.815
  417 (vir)     1          83.243           1.719          -2.043         -13.441           96.360
  418 (vir)     1          83.844           1.450          -1.795         -12.400           95.899
  419 (vir)     1          85.814           0.949          -1.574         -11.405           96.594
  420 (vir)     1          86.986           1.927          -2.190         -14.266          100.988
  421 (vir)     1          89.439           1.580          -1.981         -13.583          102.621
  422 (vir)     1          90.117           1.045          -1.534         -11.777          101.406
  423 (vir)     1          90.272           1.272          -1.719         -12.518          102.342
  424 (vir)     1          91.163           1.344          -2.138         -14.027          104.397
  425 (vir)     1          91.746           0.835          -1.508         -11.522          102.595
  426 (vir)     1          91.872           1.339          -2.149         -14.094          105.156
  427 (vir)     1          94.861           1.021          -1.635         -12.298          106.546
  428 (vir)     1          96.375           0.863          -1.585         -12.291          107.944
  429 (vir)     1          98.970           1.483          -1.843         -12.617          111.227
  430 (vir)     1         105.329           1.350          -1.842         -13.893          118.730
  431 (vir)     1         107.086           1.819          -1.866         -14.430          121.470
  432 (vir)     1         109.299           1.691          -1.723         -13.806          123.073
  433 (vir)     1         110.865           1.273          -1.736         -13.434          123.836
  434 (vir)     1         148.801           1.315          -1.096         -11.739          160.760
  435 (vir)     1         150.354           1.413          -1.113         -11.806          162.459
  436 (vir)     1         155.635           1.709          -1.014         -11.768          168.099
  437 (vir)     1         159.202           1.781          -0.976         -11.871          171.878
  438 (vir)     1         165.452           2.015          -0.783         -11.758          178.442
  439 (vir)     1         165.760           2.145          -0.807         -11.856          178.954
  440 (vir)     1         166.759           2.251          -0.876         -11.918          180.053
  441 (vir)     1         167.539           2.459          -0.782         -11.737          180.953
  442 (vir)     1         168.937           2.460          -0.708         -11.686          182.375
  443 (vir)     1         174.257           3.092          -0.709         -11.892          188.533
  444 (vir)     1         176.248           2.930          -0.716         -12.006          190.468
  445 (vir)     1         177.601           3.020          -0.720         -12.084          191.985
  446 (vir)     1         185.084           3.240          -0.710         -12.508          200.121
  447 (vir)     1         186.737           4.047          -0.649         -12.309          202.445
  448 (vir)     1         188.575           3.670          -0.682         -12.497          204.059
  449 (vir)     1         193.062           3.854          -0.680         -12.675          208.910
  450 (vir)     1         193.793           4.009          -0.672         -12.725          209.856
  451 (vir)     1         197.509           4.240          -0.671         -12.824          213.902
  452 (vir)     1         198.511           4.285          -0.654         -12.794          214.935
  453 (vir)     1         204.337           4.925          -0.641         -12.944          221.566
  454 (vir)     1         204.845           5.452          -0.627         -13.037          222.706
  455 (vir)     1         210.440           5.275          -0.636         -13.195          228.274
  456 (vir)     1         213.988           5.330          -0.650         -13.374          232.042
  457 (vir)     1         217.443           6.347          -0.662         -13.607          236.734
  458 (vir)     1         220.340           5.441          -0.681         -13.734          238.835
  459 (vir)     1         221.443           5.808          -0.707         -13.847          240.391
  460 (vir)     1         223.417           5.405          -0.730         -13.962          242.054
 
