 
  kpoint:       1             coordinate:     0.0000    0.0000    0.0000                  spin:  1
 
    n           k   ϵ_nk^DFT (eV)     Σ^c_nk (eV)     Σ^x_nk (eV)    v_nk^xc (eV)   ϵ_nk^G0W0 (eV)
 
    1 (occ)     1         -22.264           7.454         -25.406         -15.422          -24.794
    2 (occ)     1         -21.265           6.882         -25.202         -15.495          -24.090
    3 (occ)     1         -20.116           6.720         -24.828         -15.561          -22.663
    4 (occ)     1         -20.050           7.028         -24.726         -15.499          -22.250
    5 (occ)     1         -18.583           6.853         -24.331         -15.549          -20.512
    6 (occ)     1         -18.446           6.719         -24.556         -15.793          -20.490
    7 (occ)     1         -17.469           6.291         -24.020         -15.625          -19.574
    8 (occ)     1         -16.366           5.594         -23.537         -15.676          -18.633
    9 (occ)     1         -15.481           5.085         -22.117         -14.990          -17.522
   10 (occ)     1         -15.093           4.968         -22.831         -15.660          -17.297
   11 (occ)     1         -14.669           4.794         -22.555         -15.471          -16.959
   12 (occ)     1         -13.295           4.259         -22.179         -15.529          -15.686
   13 (occ)     1         -13.004           3.894         -20.882         -14.945          -15.047
   14 (occ)     1         -12.645           3.728         -20.699         -14.797          -14.820
   15 (occ)     1         -11.361           3.266         -20.289         -14.689          -13.695
   16 (occ)     1         -11.300           3.431         -21.166         -15.624          -13.411
   17 (occ)     1         -11.226           3.410         -20.843         -15.027          -13.632
   18 (occ)     1         -11.215           3.391         -18.609         -13.393          -13.040
   19 (occ)     1         -11.090           3.309         -21.281         -15.908          -13.154
   20 (occ)     1         -10.305           2.879         -20.337         -15.167          -12.596
   21 (occ)     1         -10.230           2.802         -20.427         -15.296          -12.559
   22 (occ)     1         -10.116           2.795         -18.672         -13.800          -12.193
   23 (occ)     1          -9.775           2.901         -21.302         -16.358          -11.817
   24 (occ)     1          -9.717           2.781         -20.657         -15.667          -11.925
   25 (occ)     1          -9.008           2.947         -17.230         -12.935          -10.356
   26 (occ)     1          -8.821           2.438         -20.243         -15.444          -11.183
   27 (occ)     1          -8.600           2.299         -20.188         -15.540          -10.949
   28 (occ)     1          -8.218           2.433         -17.143         -13.152           -9.776
   29 (occ)     1          -8.090           2.119         -19.865         -15.505          -10.331
   30 (occ)     1          -7.773           2.173         -20.671         -16.346           -9.925
   31 (occ)     1          -6.305           0.876         -15.628         -13.055           -8.001
   32 (occ)     1          -6.227           0.797         -15.827         -13.365           -7.892
   33 (occ)     1          -5.787           0.723         -15.710         -13.310           -7.465
   34 (occ)     1          -5.339           0.666         -15.893         -13.460           -7.106
   35 (vir)     1          -1.713          -1.935          -7.123         -11.601            0.831
   36 (vir)     1          -1.087          -2.423          -7.594         -12.586            1.483
   37 (vir)     1          -1.085          -2.265          -7.843         -12.766            1.574
   38 (vir)     1          -0.704          -2.069          -7.348         -12.055            1.934
   39 (vir)     1          -0.295          -0.990          -1.411          -3.875            1.178
   40 (vir)     1          -0.200          -0.966          -1.302          -3.719            1.251
   41 (vir)     1          -0.035          -0.925          -1.354          -3.810            1.496
   42 (vir)     1           0.269          -0.954          -1.307          -3.767            1.775
   43 (vir)     1           0.489          -0.857          -1.037          -3.265            1.860
   44 (vir)     1           0.772          -0.963          -1.016          -3.415            2.208
   45 (vir)     1           0.832          -1.797          -3.141          -6.860            2.753
   46 (vir)     1           0.869          -0.855          -1.031          -3.202            2.185
   47 (vir)     1           0.961          -0.867          -0.985          -3.216            2.324
   48 (vir)     1           0.968          -0.912          -1.148          -3.461            2.370
   49 (vir)     1           1.343          -0.750          -0.663          -2.754            2.684
   50 (vir)     1           1.632          -0.961          -1.205          -3.630            3.097
   51 (vir)     1           1.668          -1.027          -1.197          -3.767            3.210
   52 (vir)     1           1.831          -1.131          -1.387          -4.357            3.670
   53 (vir)     1           1.880          -0.820          -0.868          -3.058            3.250
   54 (vir)     1           2.045          -0.977          -0.972          -3.382            3.478
   55 (vir)     1           2.114          -1.022          -1.038          -3.459            3.513
   56 (vir)     1           2.356          -1.624          -2.515          -5.912            4.128
   57 (vir)     1           2.672          -3.866          -4.884         -10.708            4.631
   58 (vir)     1           2.725          -1.047          -1.213          -3.884            4.348
   59 (vir)     1           2.853          -0.903          -0.883          -3.212            4.279
   60 (vir)     1           3.069          -1.210          -1.582          -4.667            4.944
   61 (vir)     1           3.144          -0.951          -0.911          -3.242            4.523
   62 (vir)     1           3.146          -1.079          -1.088          -3.663            4.642
   63 (vir)     1           3.376          -1.457          -2.155          -5.471            5.235
   64 (vir)     1           3.488          -2.055          -2.422          -5.991            5.002
   65 (vir)     1           3.803          -1.336          -2.111          -5.360            5.717
   66 (vir)     1           3.876          -1.178          -1.224          -4.168            5.642
   67 (vir)     1           4.077          -1.304          -2.289          -5.456            5.940
   68 (vir)     1           4.177          -1.329          -1.769          -4.909            5.989
   69 (vir)     1           4.354          -1.864          -3.806          -8.021            6.705
   70 (vir)     1           4.591          -1.633          -3.262          -7.054            6.750
   71 (vir)     1           4.685          -1.988          -1.820          -5.204            6.082
   72 (vir)     1           4.796          -1.363          -1.743          -4.848            6.538
   73 (vir)     1           4.839          -1.291          -1.562          -4.369            6.355
   74 (vir)     1           5.289          -2.010          -3.436          -7.612            7.455
   75 (vir)     1           5.311          -1.020          -0.892          -3.473            6.873
   76 (vir)     1           5.326          -1.370          -1.621          -4.803            7.137
   77 (vir)     1           5.360          -2.098          -3.609          -8.012            7.666
   78 (vir)     1           5.518          -2.453          -4.521          -9.324            7.867
   79 (vir)     1           5.627          -1.929          -3.033          -7.002            7.667
   80 (vir)     1           5.854          -1.668          -1.679          -5.164            7.671
   81 (vir)     1           5.860          -1.837          -2.645          -6.573            7.951
   82 (vir)     1           5.999          -2.052          -3.042          -7.163            8.068
   83 (vir)     1           6.352          -2.003          -2.542          -6.442            8.248
   84 (vir)     1           6.367          -1.929          -2.756          -6.972            8.654
   85 (vir)     1           6.396          -2.402          -4.712          -9.672            8.954
   86 (vir)     1           6.623          -2.148          -3.072          -7.261            8.663
   87 (vir)     1           6.686          -2.678          -4.729         -10.326            9.605
   88 (vir)     1           6.691          -2.353          -3.647          -8.278            8.969
   89 (vir)     1           6.693          -1.786          -1.486          -5.390            8.812
   90 (vir)     1           7.326          -1.893          -2.323          -6.494            9.604
   91 (vir)     1           7.342          -2.415          -3.724          -8.655            9.856
   92 (vir)     1           7.408          -2.324          -3.078          -7.744            9.750
   93 (vir)     1           7.451          -2.598          -2.218          -6.367            9.002
   94 (vir)     1           7.466          -1.973          -2.444          -6.808            9.857
   95 (vir)     1           7.610          -2.413          -3.937          -8.745           10.005
   96 (vir)     1           7.695          -2.266          -3.109          -7.603            9.923
   97 (vir)     1           7.939          -2.887          -5.077         -10.902           10.876
   98 (vir)     1           8.037          -2.154          -3.035          -7.509           10.357
   99 (vir)     1           8.410          -2.451          -3.587          -8.820           11.191
  100 (vir)     1           8.456          -2.769          -4.340          -9.775           11.122
  101 (vir)     1           9.331          -2.311          -1.712          -6.036           11.344
  102 (vir)     1           9.466          -2.263          -3.427          -8.059           11.835
  103 (vir)     1           9.680          -2.540          -3.479          -8.404           12.065
  104 (vir)     1           9.729          -2.745          -2.406          -7.095           11.673
  105 (vir)     1           9.957          -2.507          -2.772          -7.627           12.305
  106 (vir)     1          10.072          -1.449          -2.345          -7.316           13.594
  107 (vir)     1          10.126          -2.679          -2.978          -7.886           12.354
  108 (vir)     1          10.377          -2.133          -2.812          -7.427           12.859
  109 (vir)     1          10.574          -2.362          -2.784          -7.289           12.717
  110 (vir)     1          10.580          -3.417          -3.714          -9.386           12.835
  111 (vir)     1          10.670          -2.743          -2.973          -7.955           12.909
  112 (vir)     1          11.096          -4.195          -4.882         -11.533           13.551
  113 (vir)     1          11.263          -3.450          -3.240          -8.792           13.365
  114 (vir)     1          11.323          -3.193          -3.306          -8.697           13.522
  115 (vir)     1          11.372          -0.124          -2.510          -8.231           16.969
  116 (vir)     1          11.423          -3.847          -4.189         -10.638           14.024
  117 (vir)     1          11.792          -2.965          -2.997          -8.422           14.253
  118 (vir)     1          11.859          -3.177          -2.290          -7.486           13.878
  119 (vir)     1          12.035          -3.353          -3.223          -8.839           14.297
  120 (vir)     1          12.115          -2.439          -2.838          -7.802           14.641
  121 (vir)     1          12.217          -1.014          -3.286          -9.425           17.342
  122 (vir)     1          12.730          -4.312          -4.328         -11.004           15.095
  123 (vir)     1          12.853           0.076          -2.726          -8.535           18.739
  124 (vir)     1          12.961          -3.518          -2.483          -7.949           14.909
  125 (vir)     1          13.173          -4.010          -4.332         -11.057           15.888
  126 (vir)     1          14.268          -4.442          -4.167         -11.341           17.000
  127 (vir)     1          14.765          -5.896          -2.779          -9.631           15.721
  128 (vir)     1          14.771           0.373          -2.346          -8.143           20.941
  129 (vir)     1          15.103          -4.145          -3.646         -10.137           17.449
  130 (vir)     1          15.268          -5.658          -2.387          -8.714           15.938
  131 (vir)     1          15.298          -4.391          -3.483         -10.039           17.462
  132 (vir)     1          15.362          -4.331          -3.346          -9.743           17.427
  133 (vir)     1          15.398          -5.619          -4.114         -11.557           17.222
  134 (vir)     1          15.742          -5.135          -3.514         -10.283           17.375
  135 (vir)     1          15.884          -5.464          -4.397         -12.128           18.151
  136 (vir)     1          16.063          -4.556          -2.577          -8.401           17.330
  137 (vir)     1          16.587          -6.815          -2.650          -9.541           16.662
  138 (vir)     1          17.074           1.048          -3.006          -9.325           24.440
  139 (vir)     1          17.244          -5.564          -3.453         -10.582           18.808
  140 (vir)     1          17.531          -5.578          -3.872         -11.424           19.506
  141 (vir)     1          17.612          -3.460          -2.571          -8.478           20.059
  142 (vir)     1          17.789          -1.782          -2.503          -9.304           22.809
  143 (vir)     1          18.170          -4.954          -3.630         -10.863           20.449
  144 (vir)     1          18.206          -2.229          -2.319          -9.150           22.808
  145 (vir)     1          18.436          -3.807          -2.111          -7.740           20.257
  146 (vir)     1          18.457          -3.166          -2.551          -9.804           22.543
  147 (vir)     1          18.754          -5.955          -3.552         -11.278           20.526
  148 (vir)     1          18.766          -5.753          -3.913         -12.050           21.150
  149 (vir)     1          18.845          -6.209          -3.713         -11.415           20.338
  150 (vir)     1          18.913          -1.772          -2.413          -9.210           23.938
  151 (vir)     1          19.000          -2.650          -2.392          -9.439           23.396
  152 (vir)     1          19.441          -6.661          -4.640         -13.588           21.728
  153 (vir)     1          19.724          -5.501          -3.513         -11.233           21.943
  154 (vir)     1          19.727          -7.268          -5.013         -14.686           22.133
  155 (vir)     1          20.059          -6.991          -3.061         -10.282           20.288
  156 (vir)     1          20.430          -2.975          -2.717          -9.554           24.292
  157 (vir)     1          20.553          -8.370          -3.031         -10.573           19.725
  158 (vir)     1          20.794          -5.717          -3.305         -11.010           22.783
  159 (vir)     1          21.379          -2.235          -2.816         -10.047           26.376
  160 (vir)     1          21.656          -6.032          -3.503         -11.655           23.776
  161 (vir)     1          21.984          -6.432          -3.773         -12.200           23.978
  162 (vir)     1          21.985          -6.321          -2.937         -10.407           23.134
  163 (vir)     1          22.497          -6.645          -3.320         -11.829           24.361
  164 (vir)     1          22.933          -7.160          -2.838         -10.966           23.901
  165 (vir)     1          23.400          -5.709          -2.834         -10.003           24.859
  166 (vir)     1          23.497          -6.749          -3.605         -12.365           25.508
  167 (vir)     1          23.611          -6.417          -3.376         -11.743           25.562
  168 (vir)     1          23.817          -6.977          -3.604         -12.476           25.712
  169 (vir)     1          25.042          -7.365          -3.730         -13.137           27.084
  170 (vir)     1          25.839          -0.659          -2.700         -10.205           32.686
  171 (vir)     1          25.887          -6.997          -2.984         -11.032           26.938
  172 (vir)     1          27.940          -8.831          -2.987         -11.349           27.471
  173 (vir)     1          27.972          -7.196          -2.099          -9.121           27.797
  174 (vir)     1          28.394          -4.544          -1.985          -9.188           31.053
  175 (vir)     1          29.943          -4.130          -2.169          -9.738           33.381
  176 (vir)     1          31.311          -5.594          -2.133          -9.772           33.356
  177 (vir)     1          31.528          -6.871          -1.835          -8.420           31.242
  178 (vir)     1          32.049          -9.310          -2.642         -10.640           30.736
  179 (vir)     1          32.338          -5.304          -2.412         -10.417           35.040
  180 (vir)     1          32.725          -8.699          -2.047          -9.550           31.529
  181 (vir)     1          32.850          -0.565          -1.926         -10.014           40.374
  182 (vir)     1          35.229           0.835          -2.032         -10.409           44.441
  183 (vir)     1          35.260          -4.756          -1.746         -10.040           38.799
  184 (vir)     1          36.999         -12.225          -3.081         -12.350           34.043
  185 (vir)     1          37.015         -11.166          -3.862         -14.015           36.002
  186 (vir)     1          38.431         -11.982          -2.811         -12.335           35.974
  187 (vir)     1          38.799           1.347          -2.139         -10.664           48.671
  188 (vir)     1          38.953         -12.339          -3.601         -13.744           36.758
  189 (vir)     1          39.104         -11.620          -3.338         -13.025           37.172
  190 (vir)     1          40.513          -5.008          -1.959         -10.593           44.140
  191 (vir)     1          40.519         -12.885          -2.948         -12.697           37.383
  192 (vir)     1          41.355          -3.238          -3.172         -13.532           48.477
  193 (vir)     1          41.589         -12.488          -2.838         -12.726           38.989
  194 (vir)     1          42.533           2.493          -2.949         -12.725           54.803
  195 (vir)     1          43.450           3.114          -2.934         -12.634           56.264
  196 (vir)     1          43.840           2.379          -1.960         -10.498           54.758
  197 (vir)     1          45.195           2.839          -2.169         -11.389           57.255
  198 (vir)     1          45.877           2.760          -2.909         -13.221           58.949
  199 (vir)     1          46.206           4.024          -2.087         -11.414           59.557
  200 (vir)     1          46.622           3.410          -2.727         -12.963           60.268
  201 (vir)     1          47.333           2.706          -2.443         -12.418           60.015
  202 (vir)     1          48.000           3.801          -2.784         -13.519           62.536
  203 (vir)     1          48.193           2.421          -2.647         -12.810           60.778
  204 (vir)     1          48.643           3.743          -1.709         -11.286           61.964
  205 (vir)     1          49.029           1.693          -2.986         -13.523           61.258
  206 (vir)     1          50.050           3.634          -2.891         -13.669           64.462
  207 (vir)     1          50.331          -1.478          -2.013         -11.429           58.270
  208 (vir)     1          50.334           2.338          -2.933         -13.844           63.583
  209 (vir)     1          50.381           1.984          -2.744         -13.576           63.198
  210 (vir)     1          51.731           2.158          -2.000         -11.950           63.838
  211 (vir)     1          52.073           2.509          -3.203         -14.267           65.646
  212 (vir)     1          53.284           3.256          -2.692         -13.300           67.148
  213 (vir)     1          53.388           0.320          -2.079         -11.920           63.549
  214 (vir)     1          54.655           3.861          -2.810         -14.254           69.960
  215 (vir)     1          54.798           2.473          -2.997         -14.518           68.792
  216 (vir)     1          55.718           3.403          -2.788         -13.821           70.155
  217 (vir)     1          56.178          -8.743          -2.597         -13.613           58.451
  218 (vir)     1          56.540           2.566          -2.866         -13.940           70.180
  219 (vir)     1          57.227           2.745          -2.089         -12.202           70.085
  220 (vir)     1          57.539           2.163          -2.121         -12.059           69.641
  221 (vir)     1          57.870          -6.837          -1.971         -11.916           60.977
  222 (vir)     1          58.211           2.084          -2.662         -13.454           71.086
  223 (vir)     1          59.617           2.619          -2.462         -13.108           72.882
  224 (vir)     1          59.909           2.407          -2.214         -12.365           72.467
  225 (vir)     1          62.355           2.080          -2.369         -13.038           75.105
  226 (vir)     1          63.028           2.091          -2.089         -12.298           75.328
  227 (vir)     1          63.852           2.543          -2.680         -13.753           77.468
  228 (vir)     1          66.412           1.771          -2.003         -12.225           78.405
  229 (vir)     1          66.464           2.117          -2.546         -13.648           79.683
  230 (vir)     1          68.525           2.682          -2.275         -13.270           82.201
  231 (vir)     1          73.034           1.434          -2.108         -13.127           85.487
  232 (vir)     1          77.360           1.966          -2.425         -14.223           91.124
  233 (vir)     1          78.867           1.795          -2.121         -13.600           92.141
  234 (vir)     1          82.946           0.684          -1.309         -10.510           92.830
  235 (vir)     1          85.961           1.004          -1.416         -11.189           96.738
  236 (vir)     1          86.807           0.892          -1.522         -11.475           97.652
  237 (vir)     1          89.375           1.242          -2.069         -13.906          102.455
  238 (vir)     1          89.458           1.542          -2.110         -14.225          103.115
  239 (vir)     1          91.352           1.465          -1.966         -13.946          104.797
  240 (vir)     1          93.970           1.339          -2.095         -14.307          107.521
  241 (vir)     1         110.734           1.405          -1.653         -12.521          123.007
  242 (vir)     1         157.282           1.623          -0.917         -11.675          169.663
  243 (vir)     1         163.710           1.851          -0.755         -11.590          176.396
  244 (vir)     1         170.863           2.062          -0.725         -11.794          183.994
  245 (vir)     1         170.880           2.014          -0.755         -11.890          184.029
  246 (vir)     1         171.018           2.092          -0.701         -11.691          184.100
  247 (vir)     1         186.911           3.187          -0.644         -12.300          201.753
  248 (vir)     1         187.275           2.076          -0.704         -12.638          201.285
  249 (vir)     1         191.725           2.134          -0.703         -12.725          205.881
  250 (vir)     1         192.104           2.542          -0.657         -12.557          206.546
  251 (vir)     1         204.307           3.753          -0.605         -12.959          220.414
  252 (vir)     1         209.844           6.268          -0.662         -13.313          228.763
  253 (vir)     1         213.490           4.582          -0.643         -13.360          230.788
  254 (vir)     1         222.528           6.096          -0.712         -13.923          241.835
 
